==========================================
8193	1	1	1	1	1	1	
24578	4	3	3	3	3	3	
8195	4	2	2	2	2	2	
16389	26	12	9	9	9	9	
24582	2	2	2	2	2	2	
24583	1	1	1	1	1	1	
8200	2	2	2	2	2	2	
16393	4	4	4	4	4	4	
24587	1	1	1	1	1	1	
24589	4	4	3	3	3	3	
8206	1	1	1	1	1	1	
8208	3	2	2	2	2	2	
24593	4	4	4	4	4	4	
24594	1	1	1	1	1	1	
8211	2	2	2	2	2	2	
4365	1	1	1	1	1	1	
6830	45	43	43	43	43	43	
22	6	4	3	3	3	3	
8215	3	3	3	3	3	3	
24	4	3	3	3	3	3	
7093	2	2	2	2	2	2	
26	5	5	5	5	5	5	
8219	2	2	2	2	2	2	
8457	2	2	2	2	2	2	
29	1	1	1	1	1	1	
16414	21	11	9	7	7	6	
16415	6	6	6	6	6	6	
8224	6	6	5	5	5	5	
23216	3	3	3	3	3	3	
8198	3	3	3	3	3	3	
24614	7	4	4	4	4	4	
8231	1	1	1	1	1	1	
24616	21	21	21	21	21	21	
24617	19	19	19	19	19	19	
12295	1	1	1	1	1	2	
24620	3	3	3	3	3	3	
45	49	44	43	43	43	43	
46	42	42	42	42	42	42	
5469	3	3	3	3	3	3	
16433	5	3	3	3	3	3	
23219	2	2	2	2	2	2	
18278	1	1	1	1	1	1	
17187	5	5	5	5	5	5	
62	7	5	4	4	4	4	
8255	1	1	1	1	1	1	
24640	3	1	1	1	1	1	
65	7	4	4	4	4	4	
19126	2	1	1	1	1	1	
70	2	2	2	2	2	2	
8263	2	1	1	1	1	1	
74	2	2	2	2	2	2	
75	1	1	1	1	1	1	
21550	4	4	4	4	4	4	
78	4	3	3	3	3	3	
13	4	1	1	1	1	2	
80	2	2	2	2	2	2	
81	2	2	2	2	2	2	
82	1	1	1	1	1	1	
16469	19	7	6	5	5	5	
16470	1	1	1	1	1	1	
8279	5	3	3	3	3	3	
88	42	33	33	33	33	33	
17764	7	5	5	5	5	4	
8282	3	3	3	3	3	3	
16475	2	2	2	2	2	2	
93	5	3	3	3	3	3	
5477	2	1	1	1	1	1	
24592	3	3	3	3	3	3	
16482	11	6	6	6	6	6	
16483	2	2	2	2	2	2	
16484	1	1	1	1	1	1	
16485	2	2	2	2	2	2	
16486	2	2	2	2	2	2	
16643	1	1	1	1	1	1	
106	4	3	3	3	3	3	
8299	1	1	1	1	1	1	
8301	2	2	2	2	2	2	
8302	1	1	1	1	1	1	
16495	6	5	4	4	4	4	
16496	2	2	2	2	2	2	
8305	3	3	3	3	3	3	
114	1	1	1	1	1	1	
24595	2	2	2	2	2	2	
8308	1	1	1	1	1	1	
2750	1	1	1	1	1	1	
8310	1	1	1	1	1	1	
5481	2	2	2	2	2	2	
24696	20	8	6	6	5	5	
16505	5	3	2	2	2	2	
16506	3	3	3	3	3	3	
24699	4	3	2	2	2	2	
124	2	2	2	2	2	2	
25962	2	2	2	2	2	2	
16511	4	3	3	3	3	3	
128	4	3	3	3	3	3	
24705	7	4	3	3	3	3	
24706	13	13	13	13	13	13	
5483	2	2	2	2	2	2	
24708	3	3	3	3	3	3	
135	11	6	5	5	5	5	
16521	4	3	3	3	3	3	
16523	1	1	1	1	1	1	
140	6	4	4	4	4	4	
141	4	4	4	4	4	4	
24718	40	33	33	33	33	33	
8335	9	5	5	5	4	4	
11403	4	4	4	4	4	4	
8216	3	3	3	3	3	3	
24722	4	4	4	4	4	4	
8340	5	5	4	4	4	4	
19569	1	1	1	1	1	1	
24601	4	4	4	4	4	4	
24728	1	1	1	1	1	1	
5511	4	4	4	4	4	4	
24731	1	1	1	1	1	1	
24732	1	1	1	1	1	1	
8349	6	3	3	3	3	3	
24734	3	3	3	3	3	3	
16543	8	4	4	4	4	4	
8352	2	2	2	2	2	2	
13680	1	1	1	1	1	1	
163	2	2	2	2	2	2	
164	2	2	2	2	2	2	
165	2	2	2	2	2	2	
16553	4	4	4	4	4	4	
16554	1	1	1	1	1	1	
19143	3	3	3	3	3	3	
8365	12	7	6	5	5	5	
23730	3	3	3	3	3	3	
8367	1	1	1	1	1	1	
24753	13	7	6	5	5	5	
178	8	4	4	4	4	4	
16563	4	3	3	3	3	3	
8372	6	4	4	4	4	4	
16565	4	4	4	4	4	4	
8374	3	3	3	3	3	3	
183	1	1	1	1	1	1	
16568	4	3	3	3	3	3	
185	17	17	17	17	17	17	
24762	4	3	3	3	3	3	
3825	2	2	2	2	2	2	
188	2	2	2	2	2	2	
24765	5	3	3	3	3	3	
16575	6	4	3	3	3	3	
16576	1	1	1	1	1	1	
193	4	4	4	4	4	4	
8386	4	3	3	3	3	3	
195	3	3	3	3	3	3	
197	2	2	2	2	2	2	
199	2	2	2	2	2	2	
200	14	14	14	14	14	14	
25975	1	1	1	1	1	1	
16589	5	4	4	4	4	4	
16590	15	15	15	15	15	15	
13422	7	4	4	4	4	4	
8400	1	1	1	1	1	1	
10341	3	3	3	3	3	3	
16594	19	13	12	12	12	12	
8403	5	4	4	4	4	4	
1098	3	3	3	3	3	3	
214	7	5	5	4	4	4	
215	17	17	17	17	17	17	
8408	8	4	4	4	4	4	
8512	3	3	3	3	3	3	
16607	4	2	2	2	2	2	
16608	3	3	3	3	3	3	
23248	1	1	1	1	1	1	
16611	6	6	6	6	6	6	
25649	2	2	2	2	2	2	
231	30	15	11	11	10	9	
232	1	1	1	1	1	1	
1404	4	4	4	4	4	4	
4135	5	4	4	4	3	3	
8428	3	2	2	2	2	2	
16621	2	2	2	2	2	2	
24814	21	8	8	8	8	8	
9597	1	1	1	1	1	1	
16624	3	3	3	3	3	3	
24819	23	21	21	21	21	21	
244	7	4	3	3	3	3	
245	2	2	2	2	2	2	
8441	1	1	1	1	1	1	
8442	2	2	2	2	2	2	
8443	2	2	2	2	2	2	
252	1	1	1	1	1	1	
253	3	3	3	3	3	3	
8446	4	2	2	2	2	2	
2773	5	5	5	5	5	5	
16640	7	5	4	4	4	4	
24833	17	7	6	6	6	5	
24835	8	7	7	7	7	7	
260	5	3	3	3	3	3	
2774	23	23	23	23	23	23	
16647	3	2	2	2	2	2	
16648	1	1	1	1	1	1	
16649	3	3	3	3	3	3	
8458	2	2	2	2	2	2	
10967	2	2	2	2	2	2	
24845	8	5	5	5	5	5	
16654	42	33	33	33	33	33	
16429	6	3	3	3	3	3	
26196	7	6	6	6	6	6	
16659	3	3	3	3	3	3	
24852	3	2	2	2	2	2	
20526	2	1	1	1	1	1	
10969	2	2	2	2	2	2	
8472	2	2	2	2	2	2	
25988	2	2	2	2	2	2	
8474	1	1	1	1	1	1	
283	2	2	2	2	2	2	
284	1	1	1	1	1	1	
24861	14	14	14	14	14	14	
18013	6	4	4	4	4	4	
4144	2	2	2	2	2	2	
16674	13	6	5	5	5	5	
16675	1	1	1	1	1	1	
16676	2	2	2	2	2	2	
293	2	2	2	2	2	2	
294	1	1	1	1	1	1	
299	5	2	2	2	2	2	
24877	8	3	3	3	3	3	
302	2	2	2	2	2	2	
13704	1	1	1	1	1	1	
23461	3	3	2	2	2	2	
24885	7	3	3	3	3	3	
16694	9	6	5	5	5	5	
8503	14	10	8	8	8	8	
16696	2	2	2	2	2	2	
8505	2	2	2	2	2	2	
20515	1	1	1	1	1	1	
2783	2	2	2	2	2	2	
15559	5	2	2	2	2	2	
16703	3	2	1	1	1	2	
320	6	3	2	2	2	2	
8513	2	2	2	2	2	2	
16708	4	3	3	3	3	3	
8517	7	4	4	4	4	4	
8520	2	2	2	2	2	2	
17804	3	2	2	2	2	2	
17951	1	1	1	1	1	1	
8523	2	2	2	2	2	2	
16717	7	4	4	4	4	4	
8526	3	2	2	2	2	2	
16719	2	2	2	2	2	2	
16722	7	7	7	7	7	7	
339	30	17	17	17	17	17	
16726	3	3	3	3	3	3	
16727	7	7	7	7	7	7	
16651	4	4	4	4	4	4	
345	13	11	11	10	9	9	
8538	1	1	1	1	1	1	
5519	6	3	3	3	3	3	
24924	22	7	7	5	5	5	
8541	8	5	5	4	4	4	
350	2	2	2	2	2	2	
351	17	17	17	17	17	17	
352	3	3	3	3	3	3	
17808	4	4	4	4	4	4	
8547	4	4	4	4	4	4	
24932	5	3	3	3	3	3	
16741	7	4	4	3	3	3	
16742	1	1	1	1	1	1	
16743	3	3	3	3	3	3	
8552	5	4	4	4	4	4	
8553	1	1	1	1	1	1	
24939	3	3	2	2	2	2	
364	4	3	3	3	3	2	
16749	3	3	3	3	3	3	
24942	2	2	2	2	2	2	
24943	1	1	1	1	1	1	
24944	2	2	2	2	2	2	
369	5	3	3	3	3	3	
16754	6	5	5	5	5	5	
16755	3	3	3	3	3	3	
2621	34	34	34	34	34	34	
8254	13	5	4	4	4	4	
374	1	1	1	1	1	1	
375	1	1	1	1	1	1	
376	2	2	2	2	2	2	
13683	3	3	3	3	3	3	
24955	51	43	43	43	43	43	
380	3	3	3	3	3	3	
16765	4	3	2	2	2	2	
16766	3	3	3	3	3	3	
24959	1	1	1	1	1	1	
24960	4	4	4	4	4	4	
24961	1	1	1	1	1	1	
16770	3	3	3	3	3	3	
8579	5	4	4	4	4	3	
26006	3	3	3	3	3	3	
392	1	1	1	1	1	1	
16778	8	6	6	6	6	5	
16779	2	2	2	2	2	2	
396	4	3	3	3	2	2	
8589	7	5	5	5	5	5	
16783	2	2	2	2	2	2	
8592	6	4	4	4	4	4	
8593	3	3	3	3	3	3	
8595	3	3	3	3	3	3	
8596	2	2	2	2	2	2	
408	2	1	1	1	1	1	
409	3	3	3	3	3	3	
410	1	1	1	1	1	1	
11623	1	1	1	1	1	1	
21825	23	23	23	23	23	23	
414	1	1	1	1	1	1	
8261	18	11	11	11	11	11	
16800	1	1	1	1	1	1	
16801	1	1	1	1	1	1	
21018	1	1	1	1	1	1	
17819	34	34	34	34	34	34	
8612	18	9	7	6	5	5	
8614	1	1	1	1	1	1	
8615	1	1	1	1	1	1	
14	1	1	1	1	1	1	
71	1	1	1	1	1	1	
25006	22	11	9	7	6	5	
9629	12	5	4	4	4	4	
16817	9	7	5	5	5	5	
8626	1	1	1	1	1	1	
16819	2	2	2	2	2	2	
16820	2	2	2	2	2	2	
9630	2	2	2	2	2	2	
8630	1	1	1	1	1	1	
16823	3	3	3	3	3	3	
17823	34	34	34	34	34	34	
12387	2	2	2	2	2	2	
16830	3	2	2	2	2	2	
16831	3	3	3	3	3	3	
449	30	7	6	6	6	6	
16834	2	2	1	1	1	1	
16835	2	2	2	2	2	2	
16837	1	1	1	1	1	1	
17825	3	3	3	3	3	3	
25034	19	8	6	5	5	5	
6078	1	1	1	1	1	1	
20557	1	1	1	1	1	1	
25043	5	3	3	3	3	3	
16853	3	3	3	3	3	3	
26020	2	2	2	2	2	2	
25050	8	5	5	4	4	4	
25053	9	7	7	7	6	6	
26021	2	2	2	2	2	2	
25056	2	2	2	2	2	2	
25057	2	2	2	2	2	2	
482	13	5	4	4	4	4	
25059	1	1	1	1	1	1	
25060	11	11	11	11	11	11	
8678	2	1	1	1	1	1	
8680	5	4	4	4	4	4	
491	11	5	4	4	4	4	
16876	7	7	7	7	7	7	
12370	3	3	3	3	3	3	
10382	1	1	1	1	1	1	
495	4	4	4	4	4	4	
9593	4	3	3	3	3	3	
16881	9	9	9	9	9	9	
16882	14	14	14	14	14	14	
5490	1	1	1	1	1	1	
500	8	6	6	6	6	6	
16886	3	2	2	2	2	2	
21929	2	2	2	2	2	2	
25080	14	7	6	6	6	6	
16889	1	1	1	1	1	1	
16890	1	1	1	1	1	1	
16891	1	1	1	1	1	1	
16892	2	2	2	2	2	2	
8701	10	4	3	3	3	3	
25086	10	6	6	6	6	6	
85	1	1	1	1	1	1	
8704	2	2	2	2	2	2	
25089	3	2	2	2	2	2	
16899	4	3	3	3	3	3	
8708	1	1	1	1	1	1	
8710	2	2	2	2	2	2	
6913	1	1	1	1	1	1	
5548	1	1	1	1	1	1	
16906	4	3	3	3	3	3	
523	2	1	1	1	1	1	
6914	2	2	2	2	2	2	
25102	7	7	6	5	5	5	
8719	1	1	1	1	1	1	
8280	17	17	17	17	17	17	
25107	10	7	7	7	7	7	
25108	23	23	23	23	23	23	
8725	2	2	2	2	2	2	
8726	2	2	2	2	2	2	
25111	5	5	5	4	4	4	
25112	1	1	1	1	1	1	
16921	12	6	5	5	5	5	
8730	3	3	3	3	3	3	
8731	2	2	2	2	2	2	
25116	3	3	3	3	3	3	
543	24	9	6	6	6	6	
8737	2	2	2	2	2	2	
546	2	1	1	1	1	1	
16931	8	4	4	4	4	4	
16932	2	2	2	2	2	2	
25125	4	3	3	3	3	3	
8742	3	2	2	2	2	2	
16935	3	3	2	2	2	2	
16937	2	2	2	2	2	2	
25130	3	2	2	2	2	2	
11015	22	17	17	17	17	17	
16940	3	3	3	3	3	3	
16941	1	1	1	1	1	1	
4189	2	1	1	1	1	1	
25136	2	1	1	1	1	1	
16945	1	1	1	1	1	1	
16946	3	3	3	3	3	3	
25139	4	4	4	4	4	4	
8558	1	1	1	1	1	1	
25143	2	2	2	2	2	2	
16953	3	3	3	3	3	3	
570	48	43	43	43	43	43	
16955	3	3	3	3	3	3	
573	4	3	3	3	3	3	
574	2	2	2	2	2	2	
25152	2	1	1	1	1	1	
16962	2	2	2	2	2	2	
16963	1	1	1	1	1	1	
580	2	2	2	2	2	2	
9021	14	14	14	14	14	14	
25158	3	3	3	3	3	3	
16967	8	5	5	5	5	4	
16971	2	2	2	2	2	2	
98	1	1	1	1	1	1	
1695	1	1	1	1	1	1	
15688	1	1	1	1	1	1	
16976	11	6	6	6	6	6	
593	16	8	8	8	8	8	
8786	6	3	3	3	3	3	
8787	1	1	1	1	1	1	
25172	8	5	4	4	3	3	
598	1	1	1	1	1	1	
21024	4	2	2	2	2	2	
25176	1	1	1	1	1	1	
25179	1	1	1	1	1	1	
25180	2	2	2	2	2	2	
21297	2	1	1	1	1	1	
8801	4	3	3	3	3	3	
16994	20	8	6	6	5	5	
17851	1	1	1	1	1	1	
113	4	3	3	3	3	3	
25189	4	3	3	3	3	3	
615	18	7	6	5	5	5	
17001	6	4	4	4	4	4	
6387	23	21	21	21	21	21	
8811	1	1	1	1	1	1	
17006	4	3	2	2	2	2	
8815	2	1	1	1	1	1	
624	17	10	9	9	9	9	
25201	13	9	9	9	9	9	
13387	2	2	2	2	2	2	
25204	1	1	1	1	1	1	
25205	17	17	17	17	17	17	
12296	3	3	3	3	3	3	
8823	24	11	11	11	11	11	
8824	2	2	2	2	2	2	
25209	6	3	3	3	3	3	
17019	2	2	2	2	2	2	
26191	1	1	1	1	1	1	
17021	2	1	1	1	1	1	
17022	14	14	14	14	14	14	
639	7	5	5	5	4	4	
25217	1	1	1	1	1	1	
25219	1	1	1	1	1	1	
25220	2	2	2	2	2	2	
15126	9	9	9	9	9	9	
25225	3	3	2	2	2	2	
25226	2	2	2	2	2	2	
25228	5	5	5	5	5	5	
25229	1	1	1	1	1	1	
17038	17	8	5	4	4	4	
17039	3	3	3	3	3	3	
25234	3	3	3	3	3	3	
8851	11	5	5	4	4	4	
25236	3	3	3	3	3	3	
8854	5	3	3	3	3	3	
8857	4	3	3	3	3	3	
8862	7	4	3	3	3	3	
8864	4	4	4	4	4	4	
25250	7	5	4	3	3	3	
25251	2	2	2	2	2	2	
676	26	13	11	9	9	9	
8869	1	1	1	1	1	1	
8870	1	1	1	1	1	1	
8871	2	2	2	2	2	2	
19510	1	1	1	1	1	1	
18299	5	4	4	4	4	4	
8876	3	2	2	2	2	2	
16498	4	4	4	3	3	3	
8879	45	43	43	43	43	43	
8881	1	1	1	1	1	1	
17075	19	8	6	6	5	5	
17076	1	1	1	1	1	1	
8887	1	1	1	1	1	1	
8888	3	3	3	3	3	3	
17082	10	5	5	4	4	4	
8891	2	2	2	2	2	2	
17086	4	3	3	3	3	3	
20597	2	2	2	2	2	2	
17089	6	5	4	4	4	4	
17090	2	2	2	2	2	2	
22318	6	6	6	6	6	6	
25286	13	5	5	5	5	5	
25287	6	6	6	6	6	6	
25289	16	11	11	11	11	11	
715	4	2	2	2	2	2	
717	1	1	1	1	1	1	
8312	7	6	6	6	6	6	
8916	11	6	5	5	5	5	
727	6	5	4	3	3	3	
8920	1	1	1	1	1	1	
17113	12	5	4	4	3	3	
8922	1	1	1	1	1	1	
731	1	1	1	1	1	1	
17116	5	4	4	4	4	4	
733	2	2	2	2	2	2	
17118	2	2	2	2	2	2	
735	1	1	1	1	1	1	
8928	1	1	1	1	1	1	
17121	1	1	1	1	1	1	
17122	1	1	1	1	1	1	
123	1	1	1	1	1	1	
25316	6	3	3	3	3	3	
17125	3	3	3	3	3	3	
17126	2	2	2	2	2	2	
743	9	6	5	4	4	4	
25321	2	2	2	2	2	2	
17131	3	3	3	3	3	3	
748	1	1	1	1	1	1	
749	1	1	1	1	1	1	
750	2	2	2	2	2	2	
17135	2	2	2	2	2	2	
17137	4	4	4	4	4	4	
26067	2	2	2	2	2	2	
25	1	1	1	1	1	1	
17141	1	1	1	1	1	1	
19892	1	1	1	1	1	1	
12887	1	1	1	1	1	1	
17149	6	3	3	3	3	3	
21848	15	15	15	15	15	15	
25346	56	44	43	43	43	43	
17156	3	3	3	3	3	3	
773	55	44	43	43	43	43	
17158	3	3	3	3	3	3	
16513	1	1	1	1	1	1	
8968	10	9	6	6	5	5	
19244	1	1	1	1	1	1	
17162	2	2	2	2	2	2	
17163	3	3	3	3	3	3	
8972	4	4	4	4	4	4	
8973	1	1	1	1	1	1	
25358	2	2	2	2	2	2	
25359	10	10	10	10	10	10	
8976	2	1	1	1	1	1	
8978	4	4	4	4	4	4	
787	2	1	1	1	1	1	
17172	8	5	4	4	4	4	
17173	1	1	1	1	1	1	
17174	1	1	1	1	1	1	
17178	4	2	2	2	2	2	
17179	2	2	2	2	2	2	
17180	1	1	1	1	1	1	
17882	1	1	1	1	1	1	
17182	1	1	1	1	1	1	
25668	1	1	1	1	1	1	
25378	11	7	6	5	5	5	
25379	2	2	2	2	2	2	
17189	4	4	4	4	4	4	
25382	3	3	3	3	3	3	
25383	1	1	1	1	1	1	
17192	3	3	3	3	3	3	
17884	2	2	2	2	2	2	
17194	5	3	3	3	3	3	
811	9	5	4	4	4	4	
25388	1	1	1	1	1	1	
15154	1	1	1	1	1	1	
27	4	4	4	4	4	4	
25396	23	17	17	17	17	17	
822	2	2	2	2	2	2	
17207	10	7	6	6	6	5	
824	13	11	11	11	11	11	
9017	28	9	7	6	5	5	
25402	7	6	6	6	6	6	
9020	14	14	14	14	14	14	
25405	2	2	2	2	2	2	
830	2	2	2	2	2	2	
9023	1	1	1	1	1	1	
25408	4	2	2	2	2	2	
833	1	1	1	1	1	1	
834	3	3	3	3	3	3	
9027	5	5	5	5	5	5	
836	3	3	3	3	3	3	
9030	4	2	2	2	2	2	
839	2	2	2	2	2	2	
23351	9	6	6	6	6	6	
17228	12	5	5	5	5	5	
9037	10	4	3	3	3	3	
28	1	1	1	1	1	1	
17231	2	2	2	2	2	2	
17233	4	4	4	4	4	4	
8298	5	3	2	2	2	2	
17235	2	1	1	1	1	1	
853	4	2	2	2	2	2	
855	1	1	1	1	1	1	
17240	2	2	2	2	2	2	
1915	1	1	1	1	1	1	
25435	6	3	3	3	3	3	
25436	3	3	3	3	3	3	
17245	6	4	4	3	3	3	
25439	7	7	7	7	7	7	
17248	3	3	3	3	3	3	
17249	1	1	1	1	1	1	
17250	5	5	5	5	5	5	
6971	4	4	4	4	4	4	
17252	3	3	3	3	3	3	
869	5	5	5	5	5	5	
14130	1	1	1	1	1	1	
25447	1	1	1	1	1	1	
25449	2	2	2	2	2	2	
9066	7	5	5	5	5	4	
13677	2	2	2	2	2	2	
6973	1	1	1	1	1	1	
880	3	3	2	2	2	2	
17266	9	5	5	5	5	5	
9075	2	2	2	2	2	2	
17268	4	4	4	4	4	4	
885	3	3	3	3	3	3	
887	2	2	2	2	2	2	
888	6	6	6	6	6	6	
17273	5	4	4	4	4	4	
9082	6	4	4	4	4	4	
17275	1	1	1	1	1	1	
17276	2	2	2	2	2	2	
25469	7	4	4	4	4	4	
894	5	4	4	4	4	4	
4245	2	2	2	2	2	2	
896	5	4	3	3	3	3	
9090	10	7	7	7	7	7	
899	3	3	3	3	3	3	
9092	3	3	3	3	3	3	
17285	6	6	5	4	4	4	
17286	4	4	4	4	4	4	
9095	1	1	1	1	1	1	
25480	7	5	5	5	5	5	
17289	2	2	2	2	2	2	
9098	2	2	2	2	2	2	
9099	9	9	9	9	9	9	
23465	1	1	1	1	1	1	
17293	3	3	3	3	3	3	
25486	3	2	2	2	2	2	
9103	2	2	2	2	2	2	
17297	3	2	2	2	2	2	
914	7	7	7	7	7	7	
25491	2	2	2	2	2	2	
1667	9	7	7	7	7	6	
21998	4	3	3	3	3	3	
17304	4	4	4	4	4	4	
921	2	2	2	2	2	2	
17306	4	3	3	3	3	3	
17307	1	1	1	1	1	1	
17308	2	2	2	2	2	2	
17309	1	1	1	1	1	1	
15173	23	23	23	23	23	23	
9712	2	2	2	2	2	2	
930	5	4	4	4	4	4	
9124	24	7	6	5	5	4	
9125	2	2	2	2	2	2	
934	7	6	5	5	5	5	
9127	4	4	4	4	4	4	
26193	5	3	3	3	3	3	
937	5	4	4	4	4	3	
938	2	2	2	2	2	2	
939	1	1	1	1	1	1	
25516	8	5	5	4	4	4	
9133	1	1	1	1	1	1	
9135	1	1	1	1	1	1	
17330	17	11	11	11	11	11	
17331	1	1	1	1	1	1	
950	7	6	6	5	5	5	
9143	7	5	5	5	5	4	
25528	3	3	3	3	3	3	
953	3	3	3	3	3	3	
17339	1	1	1	1	1	1	
17341	1	1	1	1	1	1	
25534	2	2	2	2	2	2	
5621	22	17	17	17	17	17	
12307	2	2	2	2	2	2	
25537	3	2	2	2	2	2	
17346	2	2	2	2	2	2	
19945	5	4	4	4	4	4	
25540	8	4	4	4	4	4	
25541	8	8	8	8	8	8	
16545	2	2	2	2	2	2	
3851	1	1	1	1	1	1	
25545	3	2	2	2	2	2	
6579	1	1	1	1	1	1	
17470	1	1	1	1	1	1	
17359	9	4	3	3	3	3	
25553	4	4	4	4	4	4	
25554	4	4	4	4	4	4	
4259	2	2	2	2	2	2	
25557	5	3	3	3	3	3	
25562	5	4	4	4	4	4	
25866	2	2	2	2	2	2	
25565	4	3	3	3	3	3	
12453	15	7	5	5	5	5	
9184	21	9	7	6	5	5	
25569	10	6	5	4	4	4	
17379	14	6	4	4	4	4	
9188	3	3	3	3	3	3	
6307	1	1	1	1	1	1	
17382	3	3	3	3	3	3	
25575	9	8	8	8	8	8	
1000	25	10	8	6	6	6	
17385	18	13	13	13	13	13	
9194	2	2	2	2	2	2	
4263	3	3	3	3	3	3	
24726	4	4	4	4	4	4	
17389	3	3	3	3	3	3	
1006	2	2	2	2	2	2	
17392	3	3	3	3	3	3	
25585	4	4	4	4	4	4	
17394	1	1	1	1	1	1	
17395	1	1	1	1	1	1	
17396	1	1	1	1	1	1	
25589	3	3	3	3	3	3	
1014	4	4	4	4	4	4	
9207	5	5	5	5	5	5	
9208	14	14	14	14	14	14	
17401	1	1	1	1	1	1	
17403	4	3	3	3	3	3	
25596	2	2	2	2	2	2	
25597	3	3	3	3	3	3	
25598	2	2	2	2	2	2	
1023	29	21	21	21	21	21	
9216	3	3	3	3	3	3	
25601	1	1	1	1	1	1	
1026	2	2	2	2	2	2	
1028	7	4	4	4	4	4	
1029	2	2	2	2	2	2	
17414	9	5	4	4	3	3	
25607	8	4	4	4	4	4	
2762	1	1	1	1	1	1	
25609	1	1	1	1	1	1	
25610	4	4	4	4	4	4	
25611	5	5	5	5	5	5	
22018	8	6	5	5	5	4	
25614	3	3	3	3	3	3	
25615	2	2	2	2	2	2	
22394	2	2	2	2	2	2	
17426	2	2	2	2	2	2	
1044	8	3	3	3	3	3	
1045	1	1	1	1	1	1	
1048	3	3	3	3	3	3	
9241	13	7	5	4	4	4	
1050	1	1	1	1	1	1	
1051	2	2	2	2	2	2	
25628	3	3	3	3	3	3	
17439	29	17	17	17	17	17	
17440	2	2	2	2	2	2	
9249	23	23	23	23	23	23	
1058	9	7	7	7	7	6	
1059	3	3	3	3	3	3	
9255	4	3	3	3	3	3	
26019	5	5	5	5	5	5	
13831	16	8	7	6	5	5	
25644	3	3	3	3	3	3	
17453	7	5	5	5	5	5	
25492	3	3	3	3	3	3	
25648	6	4	3	3	3	3	
9265	1	1	1	1	1	1	
1074	17	17	17	17	17	17	
9267	3	3	3	3	3	3	
9269	2	2	2	2	2	2	
1078	5	4	4	4	4	4	
17463	1	1	1	1	1	1	
6037	1	1	1	1	1	1	
17465	3	3	3	3	3	3	
17467	3	3	3	3	3	3	
25660	5	4	4	4	4	4	
25661	3	3	3	3	3	3	
25662	1	1	1	1	1	1	
17471	1	1	1	1	1	1	
17472	7	7	7	7	7	7	
1090	6	4	4	4	4	4	
9283	7	6	6	6	5	5	
1092	2	1	1	1	1	1	
1093	3	3	3	3	3	3	
5492	1	1	1	1	1	1	
25674	1	1	1	1	1	1	
8375	11	11	11	11	11	11	
25676	2	2	2	2	2	2	
7010	3	2	2	2	2	2	
25678	4	4	4	4	4	4	
1549	4	3	3	3	3	3	
1104	2	2	2	2	2	2	
8376	3	3	3	3	3	3	
2915	3	3	3	3	3	3	
25684	3	3	3	3	3	3	
17934	1	1	1	1	1	1	
24860	4	2	2	2	2	2	
9306	11	5	4	4	4	4	
22031	1	1	1	1	1	1	
1116	9	5	5	5	5	5	
17501	13	4	3	3	3	3	
17502	2	2	2	2	2	2	
7013	18	14	14	14	14	14	
9312	3	2	2	2	2	2	
9313	31	31	31	31	31	31	
25698	13	9	7	7	6	5	
4283	3	3	3	3	3	3	
1124	7	5	5	4	4	4	
15206	1	1	1	1	1	1	
20668	1	1	1	1	1	1	
9325	7	6	5	5	5	4	
25710	3	3	3	3	3	3	
9327	4	2	2	2	2	2	
15208	1	1	1	1	1	1	
4286	4	4	4	4	4	4	
25718	3	3	3	3	3	3	
25719	1	1	1	1	1	1	
9337	1	1	1	1	1	1	
9338	1	1	1	1	1	1	
9341	4	4	4	4	4	4	
1150	3	3	3	3	3	3	
1151	13	13	13	13	13	13	
17536	10	6	5	4	4	4	
1153	1	1	1	1	1	1	
17538	6	6	6	6	6	6	
1675	1	1	1	1	1	1	
1157	3	3	3	3	3	3	
17543	4	4	4	3	3	3	
8222	4	3	3	3	3	3	
5655	8	5	4	4	4	4	
12041	1	1	1	1	1	1	
194	1	1	1	1	1	1	
9360	10	6	6	6	5	5	
5577	1	1	1	1	1	1	
8387	2	2	2	2	2	2	
1172	8	6	4	4	4	4	
17503	1	1	1	1	1	1	
1174	2	2	2	2	2	2	
17559	13	9	6	5	5	5	
17560	3	3	3	3	3	3	
17563	2	2	2	2	2	2	
17564	1	1	1	1	1	1	
25758	51	43	43	43	43	43	
17569	1	1	1	1	1	1	
1186	17	12	10	10	9	9	
1563	23	21	21	21	21	21	
19313	2	1	1	1	1	1	
1194	1	1	1	1	1	1	
9387	1	1	1	1	1	1	
17580	23	21	21	21	21	21	
9389	3	3	3	3	3	3	
9391	2	2	2	2	2	2	
9392	2	2	2	2	2	2	
25777	9	7	5	5	5	5	
17587	2	2	2	2	2	2	
17588	3	3	3	3	3	3	
9397	23	20	20	20	20	20	
17590	2	2	2	2	2	2	
25783	7	3	3	3	3	3	
25784	2	2	2	2	2	2	
25785	6	6	6	6	6	6	
17595	3	2	2	2	2	2	
14691	3	3	3	3	3	3	
18557	2	1	1	1	1	1	
17599	2	2	2	2	2	2	
9408	2	2	2	2	2	2	
1217	24	7	6	6	6	6	
17603	4	4	4	4	4	4	
9413	2	2	2	2	2	2	
9414	3	3	3	3	3	3	
9417	2	2	2	2	2	2	
9419	1	1	1	1	1	1	
17612	9	4	3	3	3	3	
1229	7	6	6	5	5	5	
24781	10	4	4	3	3	3	
1234	7	7	7	6	6	6	
22051	5	2	2	2	2	2	
8398	3	2	2	2	2	2	
9432	5	4	3	3	3	3	
9433	34	34	34	34	34	34	
17626	16	6	5	4	4	4	
10407	1	1	1	1	1	1	
9439	6	5	5	4	4	4	
1248	3	3	2	2	2	2	
9441	1	1	1	1	1	1	
25827	2	2	2	2	2	2	
25829	3	3	3	3	3	3	
1254	3	3	3	3	3	3	
19324	4	3	3	3	3	3	
9450	10	5	4	4	4	4	
25836	8	4	4	4	4	4	
11465	2	2	2	2	2	2	
25839	2	2	2	2	2	2	
1265	10	9	9	9	9	9	
9458	5	4	4	4	4	4	
1267	4	4	4	4	4	4	
25844	1	1	1	1	1	1	
20084	1	1	1	1	1	1	
16266	2	2	2	2	2	2	
17655	66	44	43	43	43	43	
8404	1	1	1	1	1	1	
25850	2	2	2	2	2	2	
7039	3	3	3	3	3	3	
25852	1	1	1	1	1	1	
25853	1	1	1	1	1	1	
25854	2	2	2	2	2	2	
9471	24	14	14	14	14	14	
1280	3	3	3	3	3	3	
17665	7	6	5	5	5	5	
16598	4	2	2	2	2	2	
17670	4	3	3	3	3	3	
25863	1	1	1	1	1	1	
25864	4	4	4	4	4	4	
1289	3	1	1	1	1	1	
9482	21	13	10	9	9	9	
9483	2	2	2	2	2	2	
25868	1	1	1	1	1	1	
9485	2	2	2	2	2	2	
25870	1	1	1	1	1	1	
26157	2	2	2	2	2	2	
25872	1	1	1	1	1	1	
17681	7	5	5	5	5	5	
9491	4	4	4	4	4	4	
25877	2	2	2	2	2	2	
21593	1	1	1	1	1	1	
8409	1	1	1	1	1	1	
17688	5	5	5	4	4	4	
17690	1	1	1	1	1	1	
17692	45	43	43	43	43	43	
1310	11	6	5	4	4	4	
23429	4	3	3	3	3	3	
9504	2	2	2	2	2	2	
12046	1	1	1	1	1	1	
25891	2	2	2	2	2	2	
9511	6	5	5	5	5	5	
25896	7	4	4	4	4	4	
1321	4	4	4	4	4	3	
1322	2	2	2	2	2	2	
1323	2	2	2	2	2	2	
9517	2	2	2	2	2	2	
25902	9	4	4	4	4	4	
1327	1	1	1	1	1	1	
25904	1	1	1	1	1	1	
9522	5	4	3	3	3	3	
8676	1	1	1	1	1	1	
25910	12	9	9	9	9	9	
25911	2	2	2	2	2	2	
17721	10	5	4	4	4	4	
1339	5	4	4	4	4	4	
25916	10	4	4	4	4	4	
25917	3	3	3	3	3	3	
782	3	3	3	3	3	3	
1343	3	2	2	2	2	3	
1344	1	1	1	1	1	1	
17729	2	2	2	2	2	2	
1346	1	1	1	1	1	1	
1347	1	1	1	1	1	1	
1350	1	1	1	1	1	1	
12320	2	2	2	2	2	2	
9865	1	1	1	1	1	1	
19340	11	5	4	4	4	4	
17738	8	7	6	6	5	5	
25931	10	5	4	4	4	4	
1356	4	2	2	2	2	2	
25934	2	1	1	1	1	1	
7053	1	1	1	1	1	1	
25937	6	5	5	5	5	5	
17746	6	3	3	3	3	3	
25940	2	2	2	2	2	2	
17750	4	2	2	2	2	2	
17751	17	17	17	17	17	17	
17754	2	1	1	1	1	1	
17755	2	2	2	2	2	2	
25948	4	4	3	3	3	3	
1373	5	4	4	4	4	4	
5774	1	1	1	1	1	1	
1375	2	1	1	1	1	1	
1376	1	1	1	1	1	1	
1378	1	1	1	1	1	1	
1595	1	1	1	1	1	1	
9572	34	12	8	7	6	5	
25957	4	2	1	1	1	1	
25958	1	1	1	1	1	1	
15249	1	1	1	1	1	1	
1386	3	3	2	2	2	2	
9579	5	2	2	2	2	2	
13357	3	2	2	2	2	2	
7058	2	2	2	2	2	2	
4017	2	2	2	2	2	2	
17981	2	2	2	2	2	2	
21596	2	2	2	2	2	2	
17778	5	4	4	4	4	4	
7957	1	1	1	1	1	1	
8629	2	2	2	2	2	2	
9591	11	5	5	5	5	5	
25977	2	2	2	2	2	2	
25978	6	6	6	6	6	6	
1403	7	5	5	4	4	4	
25980	2	2	2	2	2	2	
1405	2	2	2	2	2	2	
1407	6	5	5	5	5	5	
1408	3	3	3	3	3	3	
26176	5	5	4	4	4	4	
17794	5	5	5	5	4	4	
24870	4	3	3	3	3	3	
3593	6	4	3	3	3	3	
17797	1	1	1	1	1	1	
9993	4	4	4	4	4	4	
5697	1	1	1	1	1	1	
17800	3	2	2	2	2	2	
16620	3	2	2	2	2	2	
25996	5	4	4	4	4	4	
5698	1	1	1	1	1	1	
25998	15	13	13	13	13	13	
17807	42	33	33	33	33	33	
9616	8	5	5	4	4	4	
1425	9	5	5	5	5	5	
9618	2	2	2	2	2	2	
1427	2	1	1	1	1	1	
26004	7	5	4	4	4	3	
238	4	2	2	2	2	2	
1430	2	2	2	2	2	2	
17817	3	2	2	2	2	2	
17818	3	3	3	3	3	3	
9595	1	1	1	1	1	1	
1436	3	2	2	2	2	2	
17821	2	2	2	2	2	2	
17822	1	1	1	1	1	1	
8504	1	1	1	1	1	1	
15217	4	4	4	4	4	4	
24816	2	2	2	2	2	2	
9634	3	2	2	2	2	2	
17827	1	1	1	1	1	1	
17828	9	9	9	9	9	9	
1606	5	4	4	4	4	4	
26022	2	2	2	2	2	2	
9639	31	15	11	11	11	11	
9643	4	3	3	3	3	3	
9647	5	3	3	3	3	3	
1608	2	2	2	2	2	2	
17843	5	4	4	4	3	3	
26038	15	7	5	4	4	4	
26039	34	34	34	34	34	34	
9656	42	33	33	33	33	33	
24820	1	1	1	1	1	1	
17850	1	1	1	1	1	1	
9659	5	3	3	3	3	3	
26044	1	1	1	1	1	1	
17854	2	2	2	2	2	2	
8437	2	2	2	2	2	2	
26048	5	5	5	5	5	5	
4265	3	3	3	3	3	3	
26051	2	1	1	1	1	1	
17861	2	2	2	2	2	2	
17864	4	4	4	4	4	4	
17865	1	1	1	1	1	1	
26058	5	3	3	3	3	3	
26059	3	3	3	3	3	3	
1613	4	4	4	4	4	4	
1488	31	10	7	7	7	7	
26065	9	3	3	3	3	3	
17874	6	4	3	3	3	3	
17875	3	3	3	3	3	3	
1493	11	7	7	7	7	7	
17878	2	2	2	2	2	2	
1497	2	1	1	1	1	1	
1498	3	3	3	3	3	3	
1499	2	2	2	2	2	2	
18668	9	9	9	9	9	9	
734	1	1	1	1	1	1	
2981	1	1	1	1	1	1	
1508	3	3	3	3	3	3	
1511	3	2	2	2	2	2	
26088	8	5	5	5	5	5	
19145	1	1	1	1	1	1	
26092	4	2	2	2	2	2	
9710	20	7	5	5	4	4	
1519	3	3	3	3	3	3	
1520	6	6	6	6	6	6	
9713	2	2	2	2	2	2	
26098	6	4	4	4	4	4	
9715	5	3	3	3	3	3	
26100	2	2	2	2	2	2	
254	1	1	1	1	1	1	
26102	1	1	1	1	1	1	
17911	14	7	6	5	5	5	
9721	2	1	1	1	1	1	
9722	14	14	14	14	14	14	
9723	2	2	2	2	2	2	
17918	2	2	2	2	2	2	
1621	2	2	2	2	2	2	
8448	34	34	34	34	34	34	
17923	4	3	3	3	3	3	
17924	1	1	1	1	1	1	
17782	4	4	4	4	4	4	
9053	1	1	1	1	1	1	
9735	4	3	3	3	3	3	
9736	4	4	4	4	4	4	
1545	14	7	6	5	5	5	
17932	11	8	6	5	5	5	
17933	1	1	1	1	1	1	
1550	3	3	3	3	3	3	
26127	8	6	5	5	5	5	
1552	1	1	1	1	1	1	
17937	2	2	2	2	2	2	
26130	3	3	3	3	3	3	
17939	1	1	1	1	1	1	
26132	1	1	1	1	1	1	
17944	3	2	2	2	2	2	
16644	1	1	1	1	1	1	
26138	2	2	2	2	2	2	
9755	31	17	17	17	17	17	
26141	4	4	4	4	4	4	
17950	1	1	1	1	1	1	
9759	1	1	1	1	1	1	
9760	1	1	1	1	1	1	
17953	2	2	2	2	2	2	
9763	4	3	3	3	3	3	
17956	5	4	4	4	4	4	
9765	5	5	5	5	5	5	
19147	2	2	2	2	2	2	
9769	3	3	3	3	3	3	
9773	2	2	2	2	2	2	
9774	5	5	5	5	5	5	
26159	3	3	3	3	3	3	
17968	6	4	4	4	4	4	
19379	1	1	1	1	1	1	
1588	19	10	7	6	6	5	
1589	1	1	1	1	1	1	
26167	2	2	2	2	2	2	
26168	3	3	3	3	3	3	
9785	68	44	43	43	43	43	
26170	2	2	2	2	2	2	
17979	5	4	4	4	4	4	
26173	2	2	2	2	2	2	
1599	1	1	1	1	1	1	
1600	2	2	2	2	2	2	
17986	1	1	1	1	1	1	
267	3	2	2	2	2	2	
17988	1	1	1	1	1	1	
26181	4	4	4	4	4	4	
17990	3	2	2	2	2	2	
17991	2	2	2	2	2	2	
9800	9	6	4	4	4	4	
17994	2	2	2	2	2	2	
1611	3	3	3	3	3	3	
17997	14	11	11	11	11	11	
26190	5	4	4	4	4	4	
269	3	3	3	3	3	3	
18000	34	34	34	34	34	34	
18001	2	2	2	2	2	2	
26194	2	2	2	2	2	2	
18003	2	1	1	1	1	1	
1620	7	5	4	4	4	4	
24846	2	2	2	2	2	2	
16148	18	11	7	6	6	5	
25095	1	1	1	1	1	1	
18008	4	3	3	3	3	3	
16655	3	3	3	3	3	3	
3873	2	2	2	2	2	2	
17785	3	2	2	2	2	2	
272	6	5	5	5	5	5	
7594	1	1	1	1	1	1	
9829	15	6	5	4	4	4	
9831	1	1	1	1	1	1	
9832	2	2	2	2	2	2	
23241	21	21	21	21	21	21	
18030	9	4	3	3	3	3	
18032	1	1	1	1	1	1	
18034	5	5	5	5	5	5	
18036	2	2	2	2	2	2	
18037	3	3	3	3	3	3	
1656	4	2	2	2	2	2	
1658	6	4	4	4	4	4	
11199	4	4	4	4	4	4	
1660	4	4	4	4	4	4	
1662	2	2	2	2	2	2	
23488	9	8	8	8	8	8	
18051	10	7	6	6	6	5	
18052	3	3	3	3	3	3	
1669	1	1	1	1	1	1	
9862	7	3	3	3	3	3	
9863	2	2	2	2	2	2	
1672	4	3	3	3	3	3	
13932	1	1	1	1	1	1	
1674	6	5	4	4	4	4	
8471	12	5	4	4	3	3	
9869	41	33	33	33	33	33	
9870	3	3	3	3	3	3	
9871	2	2	2	2	2	2	
17683	4	4	4	4	4	4	
18065	8	4	3	3	3	3	
18066	3	3	3	3	3	3	
18067	1	1	1	1	1	1	
1685	9	5	4	3	3	3	
281	8	4	4	4	4	4	
23492	3	3	3	3	3	3	
2784	3	3	3	3	3	3	
1694	10	8	6	6	6	6	
4148	2	2	2	2	2	2	
1696	2	2	2	2	2	2	
9889	20	11	7	6	6	5	
9890	1	1	1	1	1	1	
8475	4	4	4	4	4	4	
9892	6	6	6	6	6	6	
9893	1	1	1	1	1	1	
9895	1	1	1	1	1	1	
18088	8	5	4	4	4	4	
8476	1	1	1	1	1	1	
18091	3	3	3	3	3	3	
18094	2	1	1	1	1	1	
1711	8	4	3	3	3	3	
18097	1	1	1	1	1	1	
18098	1	1	1	1	1	1	
9907	10	6	6	5	5	5	
20766	1	1	1	1	1	1	
18102	4	4	4	4	4	4	
9913	2	2	2	2	2	2	
9915	2	2	2	2	2	2	
18109	5	4	3	3	3	3	
1653	56	43	43	43	43	43	
1728	4	4	4	4	4	4	
9921	3	3	3	3	3	3	
9922	1	1	1	1	1	1	
4422	8	6	5	5	5	5	
1736	6	4	4	4	4	4	
16609	1	1	1	1	1	1	
1738	3	2	2	2	2	2	
18125	3	3	3	3	3	3	
18126	1	1	1	1	1	1	
1149	9	4	4	4	4	4	
9937	7	6	6	5	5	5	
9943	11	8	6	6	6	6	
9944	1	1	1	1	1	1	
9946	2	2	2	2	2	2	
23503	8	3	3	3	3	3	
18140	14	9	6	6	5	5	
20517	3	3	3	3	3	3	
18142	3	3	3	3	3	3	
18143	17	17	17	17	17	17	
18144	1	1	1	1	1	1	
18145	2	2	2	2	2	2	
11141	5	3	3	3	3	3	
1765	8	3	3	3	2	2	
9606	6	3	3	3	3	3	
9959	2	2	2	2	2	2	
18152	1	1	1	1	1	1	
4116	1	1	1	1	1	1	
18154	1	1	1	1	1	1	
9964	4	4	4	4	4	4	
18158	3	2	2	2	2	2	
18159	1	1	1	1	1	1	
18160	3	3	3	3	3	3	
18161	1	1	1	1	1	1	
9974	4	3	3	3	3	3	
7595	2	2	2	2	2	2	
18171	2	1	1	1	1	1	
9980	2	2	2	2	2	2	
18174	4	4	4	4	4	4	
9983	1	1	1	1	1	1	
9984	3	3	3	3	3	3	
1793	2	2	2	2	2	2	
9986	1	1	1	1	1	1	
9987	1	1	1	1	1	1	
1796	2	2	2	2	2	2	
18182	3	3	3	3	3	3	
18183	1	1	1	1	1	1	
18185	20	20	20	20	20	20	
9994	2	2	2	2	2	2	
18189	1	1	1	1	1	1	
2515	1	1	1	1	1	1	
10000	1	1	1	1	1	1	
18193	5	3	3	3	3	3	
10002	1	1	1	1	1	1	
22147	6	5	4	4	4	4	
10004	5	4	3	3	3	3	
24878	2	2	2	2	2	2	
15321	5	3	3	3	3	3	
1817	5	2	2	2	2	2	
1818	3	3	3	3	3	3	
9335	1	1	1	1	1	1	
23514	20	20	20	20	20	20	
1822	1	1	1	1	1	1	
12321	2	2	2	2	2	2	
18208	24	8	7	7	6	6	
18209	3	3	3	3	3	3	
18210	3	3	3	3	3	3	
1829	6	5	5	5	5	5	
10022	4	3	3	3	3	3	
18215	11	4	4	3	3	3	
1832	3	3	3	3	3	3	
1833	2	2	2	2	2	2	
1834	2	2	2	2	2	2	
1836	1	1	1	1	1	1	
18222	4	3	3	3	3	3	
1839	9	9	9	9	9	9	
1840	5	5	5	5	5	5	
18225	42	33	33	33	33	33	
18227	4	4	4	3	3	3	
10039	11	5	5	4	4	4	
18233	3	3	3	3	3	3	
18234	3	3	3	3	3	3	
18235	1	1	1	1	1	1	
25599	2	2	2	2	2	2	
18237	1	1	1	1	1	1	
1854	8	4	4	4	4	4	
309	5	3	3	3	3	3	
1857	2	2	2	2	2	2	
1858	17	17	17	17	17	17	
1859	2	2	2	2	2	2	
1860	1	1	1	1	1	1	
18245	1	1	1	1	1	1	
1862	1	1	1	1	1	1	
10055	17	7	7	6	5	5	
10056	4	4	4	4	4	4	
18250	2	2	2	2	2	2	
23772	1	1	1	1	1	1	
10062	7	4	4	4	4	4	
19380	1	1	1	1	1	1	
18256	9	5	5	5	5	5	
312	2	2	2	2	2	2	
1877	10	6	5	5	5	4	
24340	3	3	2	2	2	2	
1879	1	1	1	1	1	1	
1880	1	1	1	1	1	1	
18271	9	5	4	4	4	3	
10081	5	3	3	3	3	3	
18275	1	1	1	1	1	1	
18276	4	4	4	4	4	4	
13702	6	3	3	3	3	3	
18279	2	2	2	2	2	2	
1896	8	4	3	2	2	2	
1897	2	2	2	2	2	2	
6337	10	5	5	5	5	5	
18283	3	3	3	3	3	3	
18286	7	4	4	4	4	4	
10096	18	9	6	6	5	5	
4868	6	2	2	2	2	2	
1908	4	2	2	2	2	2	
1910	2	2	2	2	2	2	
23529	9	3	3	3	3	3	
18297	6	4	3	3	3	3	
1914	4	4	4	4	4	4	
8511	8	5	5	5	5	5	
1916	2	2	2	2	2	2	
10113	12	7	6	5	4	4	
10115	2	1	1	1	1	1	
10116	1	1	1	1	1	1	
10117	15	15	15	15	15	15	
321	2	2	2	2	2	2	
25230	1	1	1	1	1	1	
18314	10	4	3	3	3	3	
3053	1	1	1	1	1	1	
10130	15	8	7	6	6	5	
20803	2	1	1	1	1	1	
1941	7	5	5	5	5	5	
10134	1	1	1	1	1	1	
24615	34	34	34	34	34	34	
18331	12	7	6	5	5	5	
2247	1	1	1	1	1	1	
24888	6	6	6	6	6	6	
18337	9	5	5	5	5	5	
18338	2	2	2	2	2	2	
18340	1	1	1	1	1	1	
12614	3	3	3	3	3	3	
1958	19	10	7	6	6	6	
1959	2	2	2	2	2	2	
18344	1	1	1	1	1	1	
10153	4	4	4	4	4	4	
122	8	4	3	3	3	3	
1963	2	2	2	2	2	2	
3058	2	2	2	2	2	2	
10158	1	1	1	1	1	1	
1967	2	2	2	2	2	2	
1968	1	1	1	1	1	1	
20808	8	8	8	8	8	8	
10162	2	2	2	2	2	2	
19433	8	7	7	6	6	5	
12617	1	1	1	1	1	1	
1976	1	1	1	1	1	1	
17251	1	1	1	1	1	1	
18365	14	5	5	4	4	4	
1982	3	3	3	3	3	3	
1983	2	2	2	2	2	2	
1985	2	1	1	1	1	1	
18370	4	2	2	2	2	2	
10180	2	2	2	2	2	2	
18373	4	2	2	2	2	2	
10183	1	1	1	1	1	1	
1992	1	1	1	1	1	1	
11579	1	1	1	1	1	1	
10186	1	1	1	1	1	1	
1995	42	33	33	33	33	33	
1997	8	8	8	8	8	8	
18383	2	2	2	2	2	2	
2001	3	3	3	3	3	3	
1699	4	4	4	4	4	4	
2004	1	1	1	1	1	1	
16718	2	2	2	2	2	2	
18390	1	1	1	1	1	1	
19707	7	7	7	7	7	7	
2009	6	4	4	4	4	4	
2010	3	3	3	3	3	3	
18396	24	21	21	21	21	21	
18397	8	8	8	8	8	8	
18398	3	3	3	3	3	3	
18399	1	1	1	1	1	1	
21344	5	3	3	3	3	3	
12615	6	6	6	6	6	6	
10211	10	7	6	5	5	5	
18408	10	5	4	4	4	3	
10433	1	1	1	1	1	1	
8530	2	1	1	1	1	1	
18415	5	1	1	1	1	1	
13992	4	4	4	4	4	4	
19957	15	15	15	15	15	15	
2042	17	6	5	5	5	4	
10235	13	7	6	6	6	5	
2044	4	4	4	4	4	4	
16338	1	1	1	1	1	1	
2047	4	4	4	4	4	4	
2049	2	2	2	2	2	2	
10243	14	9	8	8	8	8	
5251	6	5	5	5	5	5	
8534	1	1	1	1	1	1	
10246	1	1	1	1	1	1	
2055	2	2	2	2	2	2	
18443	4	2	2	2	2	2	
10252	2	2	2	2	2	2	
10253	2	2	2	2	2	2	
18447	2	2	2	2	2	2	
16728	4	4	4	4	4	4	
18453	36	31	31	31	31	31	
18454	1	1	1	1	1	1	
16729	1	1	1	1	1	1	
2072	16	5	4	4	4	3	
18457	1	1	1	1	1	1	
2074	2	2	2	2	2	2	
18095	17	17	17	17	17	17	
10268	7	4	3	3	3	3	
16730	15	15	15	15	15	15	
2080	2	1	1	1	1	1	
2081	1	1	1	1	1	1	
2085	4	4	3	3	3	3	
2087	6	5	5	5	5	5	
348	2	2	2	2	2	2	
16314	1	1	1	1	1	1	
18487	27	13	11	11	11	11	
18488	4	4	4	4	4	4	
5812	8	6	6	6	6	6	
4051	3	2	2	2	2	2	
12618	2	2	2	2	2	2	
1105	1	1	1	1	1	1	
2115	17	6	5	5	4	4	
2116	5	5	5	5	5	5	
2117	1	1	1	1	1	1	
10310	13	8	5	5	5	5	
2119	1	1	1	1	1	1	
2120	1	1	1	1	1	1	
22199	1	1	1	1	1	1	
2124	1	1	1	1	1	1	
10317	2	1	1	1	1	1	
2127	1	1	1	1	1	1	
2133	12	11	11	11	11	11	
18105	2	2	2	2	2	2	
2136	2	2	2	2	2	2	
18521	3	2	2	2	2	2	
18522	1	1	1	1	1	1	
18524	2	2	2	2	2	2	
2142	5	4	4	4	4	4	
2143	1	1	1	1	1	1	
2144	23	23	23	23	23	23	
25440	2	2	2	2	2	2	
10338	6	4	4	4	4	4	
358	2	2	2	2	2	2	
10346	5	3	3	3	3	3	
2155	10	6	5	5	5	5	
18540	14	8	6	6	6	5	
890	2	2	2	2	2	2	
10350	43	33	33	33	33	33	
10351	3	3	3	3	3	3	
18544	2	2	2	2	2	2	
6073	2	2	2	2	2	2	
10354	1	1	1	1	1	1	
10355	1	1	1	1	1	1	
10356	1	1	1	1	1	1	
18549	1	1	1	1	1	1	
10358	3	3	3	3	3	3	
18552	2	2	2	2	2	2	
2169	5	4	4	4	4	4	
1727	7	4	4	4	4	4	
9074	4	2	2	2	2	2	
18558	1	1	1	1	1	1	
18560	2	2	2	2	2	2	
18562	3	3	3	3	3	3	
16747	5	3	3	3	3	3	
3073	1	1	1	1	1	1	
19440	3	2	2	2	2	2	
2182	5	4	4	4	4	4	
2184	3	3	3	3	3	3	
2185	8	8	8	8	8	8	
2186	1	1	1	1	1	1	
10381	9	6	5	5	5	4	
2190	4	4	4	4	4	4	
365	5	5	5	5	5	5	
2193	6	6	6	6	6	5	
18579	13	5	5	5	5	5	
18580	2	2	2	2	2	2	
18581	1	1	1	1	1	1	
10390	3	3	3	3	3	3	
10391	2	2	2	2	2	2	
2200	4	3	3	3	3	3	
18585	6	5	4	4	4	4	
2202	4	4	4	4	4	4	
18587	4	4	4	4	4	4	
25442	8	7	7	7	7	7	
18592	5	2	2	2	2	2	
18595	2	2	2	2	2	2	
2212	47	43	43	43	43	43	
18597	1	1	1	1	1	1	
10406	7	5	4	4	4	4	
2215	3	3	3	3	3	3	
18600	4	3	3	3	3	3	
18603	1	1	1	1	1	1	
10412	2	2	2	2	2	2	
18605	1	1	1	1	1	1	
2222	5	3	3	3	3	3	
2223	2	2	2	2	2	2	
18608	2	1	1	1	1	1	
4467	1	1	1	1	1	1	
18612	4	3	3	3	3	3	
18613	4	4	4	4	4	4	
12660	4	4	4	4	4	4	
10427	8	7	6	5	5	5	
18621	7	6	6	6	6	6	
18622	2	2	2	2	2	2	
2239	4	2	2	2	2	2	
18624	2	2	2	2	2	2	
18625	1	1	1	1	1	1	
18626	2	2	2	2	2	2	
10435	3	3	3	3	3	3	
18628	1	1	1	1	1	1	
10438	2	2	2	2	2	2	
10439	3	3	3	3	3	3	
2248	1	1	1	1	1	1	
2249	8	8	8	8	8	8	
2250	17	17	17	17	17	17	
10445	2	1	1	1	1	1	
10446	1	1	1	1	1	1	
2255	5	3	3	3	3	3	
12664	2	1	1	1	1	1	
2259	1	1	1	1	1	1	
2803	1	1	1	1	1	1	
18648	4	4	3	3	3	3	
18649	17	17	17	17	17	17	
10458	7	6	6	6	6	6	
10463	2	2	2	2	2	2	
1825	2	2	2	2	2	2	
22224	5	2	2	2	2	2	
18658	2	2	2	2	2	2	
10467	3	2	2	2	2	2	
10468	1	1	1	1	1	1	
22225	2	2	2	2	2	2	
18667	3	2	2	2	2	2	
10476	4	3	3	3	3	3	
10477	20	20	20	20	20	20	
10478	1	1	1	1	1	1	
2287	14	6	6	5	5	5	
6350	8	4	4	4	4	4	
18676	9	4	3	3	3	3	
18677	2	2	2	2	2	2	
2295	1	1	1	1	1	1	
18681	3	3	3	3	3	3	
10490	9	7	5	5	4	4	
18684	3	2	2	2	2	2	
18685	7	7	7	7	7	7	
2303	6	4	4	4	4	4	
10496	7	5	5	5	4	4	
10497	1	1	1	1	1	1	
2306	4	3	2	2	2	2	
2307	2	2	2	2	2	2	
10500	4	4	4	4	4	4	
10501	2	2	2	2	2	2	
385	6	4	4	4	4	4	
17696	1	1	1	1	1	1	
2316	3	2	2	2	2	2	
1013	1	1	1	1	1	1	
10513	2	1	1	1	1	1	
10514	2	2	2	2	2	2	
4483	7	3	3	3	3	3	
10517	1	1	1	1	1	1	
2326	7	6	5	5	5	5	
10519	3	3	3	3	3	3	
2328	1	1	1	1	1	1	
12676	1	1	1	1	1	1	
10522	1	1	1	1	1	1	
2331	1	1	1	1	1	1	
10524	2	2	2	2	2	2	
10526	1	1	1	1	1	1	
18719	22	13	10	10	10	9	
18720	3	3	3	3	3	3	
18721	1	1	1	1	1	1	
2338	42	33	33	33	33	33	
18723	4	3	3	3	3	3	
18724	3	3	3	3	3	3	
2341	2	2	2	2	2	2	
2342	3	3	3	3	3	3	
10539	4	3	3	3	3	3	
2348	1	1	1	1	1	1	
2350	2	2	2	2	2	2	
10543	6	5	4	4	4	4	
18736	11	7	6	5	5	5	
18739	4	4	4	4	4	4	
2356	1	1	1	1	1	1	
10549	4	4	4	4	4	4	
10550	4	4	4	4	4	4	
18743	13	13	13	13	13	13	
10552	1	1	1	1	1	1	
18745	3	3	3	3	3	3	
18746	2	2	2	2	2	2	
10555	6	5	5	5	5	5	
19383	3	3	3	3	3	3	
24970	6	3	3	3	3	3	
18751	8	5	5	4	4	4	
2368	9	7	5	5	4	4	
10561	1	1	1	1	1	1	
10564	4	2	2	2	2	2	
18757	8	6	5	4	4	4	
18758	3	3	3	3	3	3	
17537	1	1	1	1	1	1	
18764	3	3	3	3	3	3	
2385	3	3	3	3	3	3	
2386	2	2	2	2	2	2	
18771	7	4	4	4	4	4	
2388	3	3	3	3	3	3	
13035	3	3	3	3	3	3	
19447	2	2	2	2	2	2	
18778	34	31	31	31	31	31	
12687	11	5	4	4	4	3	
10588	12	8	6	5	5	4	
15418	1	1	1	1	1	1	
10590	7	5	4	4	4	4	
18783	2	2	2	2	2	2	
26042	1	1	1	1	1	1	
400	1	1	1	1	1	1	
2404	8	6	5	5	5	5	
10597	6	4	3	3	3	3	
18790	2	2	2	2	2	2	
18791	2	2	2	2	2	2	
10600	6	3	3	3	3	3	
10601	2	2	2	2	2	2	
2410	13	13	13	13	13	13	
18151	1	1	1	1	1	1	
11325	6	5	4	4	4	4	
14265	37	8	6	5	5	5	
403	1	1	1	1	1	1	
2420	5	3	3	3	3	3	
15422	1	1	1	1	1	1	
10615	8	5	4	4	4	3	
15423	1	1	1	1	1	1	
10620	3	2	2	2	2	2	
9962	3	2	2	2	2	2	
10623	6	5	5	4	4	4	
3136	4	3	3	3	3	3	
7719	20	20	20	20	20	20	
2443	13	7	6	6	6	6	
10637	2	2	2	2	2	2	
10638	1	1	1	1	1	1	
10640	2	2	2	2	2	2	
2449	34	31	31	31	31	31	
2450	2	2	2	2	2	2	
13175	2	2	2	2	2	2	
2452	5	5	5	5	5	5	
2455	2	2	2	2	2	2	
2457	23	21	21	21	21	21	
24597	1	1	1	1	1	1	
2459	1	1	1	1	1	1	
10652	5	4	4	4	4	4	
10655	3	3	3	3	3	3	
10656	4	4	4	4	4	4	
2465	4	4	4	4	4	4	
11539	3	3	3	3	3	3	
2810	3	3	3	3	3	3	
2474	3	2	2	2	2	2	
2475	3	3	3	3	3	3	
2476	1	1	1	1	1	1	
12701	4	4	4	4	4	4	
10672	3	3	3	3	3	3	
19450	1	1	1	1	1	1	
18866	44	18	13	12	12	12	
18867	1	1	1	1	1	1	
10676	1	1	1	1	1	1	
2485	2	2	2	2	2	2	
18870	5	5	5	5	5	5	
2487	1	1	1	1	1	1	
21177	3	2	2	2	2	2	
2490	5	3	3	3	3	3	
18875	8	5	4	4	4	4	
10684	2	2	2	2	2	2	
16177	3	2	2	2	2	2	
18879	4	4	4	4	4	4	
18880	2	2	2	2	2	2	
12704	1	1	1	1	1	1	
18884	2	2	2	2	2	2	
2501	10	7	6	5	5	5	
2503	3	2	2	2	2	2	
2504	2	2	2	2	2	2	
2505	3	3	3	3	3	3	
2506	2	2	2	2	2	2	
16802	2	2	2	2	2	2	
18894	47	43	43	43	43	43	
2511	5	4	3	3	3	3	
2512	3	3	3	3	3	3	
12707	2	2	2	2	2	2	
2516	3	3	3	3	3	3	
1989	4	4	4	4	4	4	
10711	23	9	7	6	6	5	
18904	5	4	4	4	4	4	
18905	2	2	2	2	2	2	
18908	1	1	1	1	1	1	
18909	1	1	1	1	1	1	
2526	6	5	4	4	4	4	
10719	4	3	3	3	3	3	
18913	3	2	2	2	2	2	
2530	42	33	33	33	33	33	
1787	3	2	2	2	2	2	
2532	1	1	1	1	1	1	
20902	4	3	3	3	3	3	
10726	7	4	4	4	4	4	
2535	42	33	33	33	33	33	
2536	4	4	4	4	4	4	
7109	2	2	2	2	2	2	
18924	8	6	6	6	6	6	
18634	2	2	2	2	2	2	
2556	11	7	5	4	4	4	
18941	2	2	2	2	2	2	
2558	2	2	2	2	2	2	
2559	3	3	3	3	3	3	
2560	9	9	9	9	9	9	
2561	1	1	1	1	1	1	
18946	1	1	1	1	1	1	
2563	1	1	1	1	1	1	
2566	3	2	2	2	2	2	
2568	5	5	5	5	5	5	
2569	1	1	1	1	1	1	
10762	30	10	7	6	6	5	
10763	1	1	1	1	1	1	
24248	2	2	2	2	2	2	
10765	6	6	6	6	6	6	
14543	2	2	2	2	2	2	
20560	2	2	2	2	2	2	
9867	1	1	1	1	1	1	
9988	2	2	2	2	2	2	
18970	4	4	4	4	4	4	
18971	17	17	17	17	17	17	
18972	1	1	1	1	1	1	
18973	3	3	3	3	3	3	
2591	6	5	5	5	5	5	
2592	2	2	2	2	2	2	
2593	1	1	1	1	1	1	
24841	8	3	3	3	3	3	
2596	3	3	3	3	3	3	
1798	2	2	2	2	2	2	
10791	15	7	6	6	6	5	
18984	1	1	1	1	1	1	
19548	2	2	2	2	2	2	
10794	2	2	2	2	2	2	
18596	2	2	2	2	2	2	
16818	1	1	1	1	1	1	
2607	11	5	4	4	4	4	
10801	12	5	4	4	4	4	
2611	4	2	2	2	2	2	
18996	2	2	2	2	2	2	
10805	3	3	3	3	3	3	
2614	2	2	2	2	2	2	
10807	2	2	2	2	2	2	
8628	1	1	1	1	1	1	
23647	12	8	7	6	6	5	
2620	8	6	5	5	5	5	
13999	4	3	3	3	3	3	
2622	1	1	1	1	1	1	
2623	34	34	34	34	34	34	
2624	1	1	1	1	1	1	
23648	1	1	1	1	1	1	
10818	2	2	2	2	2	2	
10819	4	4	4	4	4	4	
19012	5	5	5	5	5	5	
19013	2	2	2	2	2	2	
2630	5	4	4	4	4	4	
23649	9	9	9	9	9	9	
10824	2	2	2	2	2	2	
10825	2	2	2	2	2	2	
19018	2	1	1	1	1	1	
19019	1	1	1	1	1	1	
6455	1	1	1	1	1	1	
19022	6	4	4	4	4	4	
14093	5	4	3	3	3	3	
2527	2	2	2	2	2	2	
17546	4	4	4	4	4	4	
10841	7	5	5	5	4	4	
10842	3	3	3	3	3	3	
7726	5	5	5	5	5	5	
2654	38	17	17	17	17	17	
19557	2	2	2	2	2	2	
2656	2	2	2	2	2	2	
10850	1	1	1	1	1	1	
2661	7	5	5	5	5	5	
19048	12	7	6	5	5	5	
2666	2	2	2	2	2	2	
19051	1	1	1	1	1	1	
19052	1	1	1	1	1	1	
18194	1	1	1	1	1	1	
20925	1	1	1	1	1	1	
19059	6	4	4	4	4	4	
19060	1	1	1	1	1	1	
19061	1	1	1	1	1	1	
19062	1	1	1	1	1	1	
10871	14	7	6	6	5	5	
10872	2	2	2	2	2	2	
18196	3	3	3	3	3	3	
19562	7	7	7	7	7	6	
10878	5	3	3	3	3	3	
10879	3	3	3	3	3	3	
10880	2	2	2	2	2	2	
10881	1	1	1	1	1	1	
10884	3	3	3	3	3	3	
19078	3	3	3	3	3	3	
8641	5	2	2	2	2	2	
19080	3	3	3	3	3	3	
19081	4	4	4	4	4	4	
19084	5	3	2	2	2	2	
450	1	1	1	1	1	1	
10895	8	6	4	4	4	4	
10896	1	1	1	1	1	1	
19089	5	4	4	3	3	3	
19090	3	3	3	3	3	3	
12739	7	4	3	3	3	3	
19093	5	5	4	4	4	4	
2710	33	10	6	5	5	4	
10904	2	2	2	2	2	2	
2713	3	3	3	3	3	3	
10906	2	2	1	1	1	1	
10907	2	2	2	2	2	2	
19101	5	4	2	2	2	2	
10910	3	3	3	3	3	3	
5546	1	1	1	1	1	1	
10912	3	2	2	2	2	2	
19568	4	3	3	3	3	3	
19107	6	4	4	4	4	4	
14639	1	1	1	1	1	1	
4550	21	9	6	6	6	5	
10918	3	2	2	2	2	2	
10919	2	2	2	2	2	2	
26005	1	1	1	1	1	1	
19114	31	31	31	31	31	31	
10923	6	4	3	3	3	3	
10925	3	3	3	3	3	3	
10926	9	9	9	9	9	9	
1821	2	2	2	2	2	2	
10931	10	6	5	5	5	5	
1782	2	2	2	2	2	2	
2741	65	44	43	43	43	43	
2742	1	1	1	1	1	1	
9093	1	1	1	1	1	1	
19572	2	2	2	2	2	2	
19131	1	1	1	1	1	1	
10602	1	1	1	1	1	1	
2749	1	1	1	1	1	1	
10942	11	8	7	6	6	5	
2752	4	4	4	4	4	4	
2754	4	4	4	4	4	4	
25114	1	1	1	1	1	1	
19140	7	2	2	2	2	2	
17277	3	3	3	3	3	3	
19144	4	4	4	4	4	4	
2761	4	4	4	4	4	4	
19146	3	3	3	3	3	3	
25487	1	1	1	1	1	1	
10956	6	3	3	3	3	3	
19149	1	1	1	1	1	1	
19150	4	4	4	4	4	4	
2770	4	3	3	3	3	3	
2771	4	4	4	4	4	4	
24097	10	3	3	3	3	3	
10966	6	4	3	3	3	3	
19159	6	5	4	4	4	4	
19161	4	3	3	3	3	3	
19162	1	1	1	1	1	1	
11822	1	1	1	1	1	1	
19164	4	4	4	4	4	4	
3194	1	1	1	1	1	1	
19167	1	1	1	1	1	1	
19168	3	3	3	3	3	3	
2785	3	3	3	3	3	3	
19170	1	1	1	1	1	1	
3195	1	1	1	1	1	1	
2789	5	3	3	3	3	3	
10983	12	5	5	4	4	4	
3196	1	1	1	1	1	1	
10986	1	1	1	1	1	1	
19179	7	5	5	5	5	5	
2797	8	4	3	3	3	3	
10990	1	1	1	1	1	1	
10991	1	1	1	1	1	1	
19184	2	2	2	2	2	2	
10024	5	5	5	5	5	5	
17824	34	34	34	34	34	34	
10996	4	3	3	3	3	3	
2805	2	2	2	2	2	2	
2806	2	2	2	2	2	2	
18217	4	2	2	2	2	2	
11002	2	2	2	2	2	2	
19583	2	2	2	2	2	2	
10026	2	2	2	2	2	2	
2003	2	2	2	2	2	2	
11009	4	2	2	2	2	2	
11011	7	6	6	6	6	6	
19204	11	5	4	4	4	4	
19206	3	3	3	3	3	3	
2823	4	4	4	4	4	4	
19208	4	4	4	4	4	4	
11017	1	1	1	1	1	1	
2826	5	4	3	3	3	3	
19215	2	2	2	2	2	2	
19216	17	17	17	17	17	17	
11026	6	3	3	3	3	3	
19219	2	2	2	2	2	2	
11028	3	3	3	3	3	3	
1838	2	2	2	2	2	2	
11030	5	5	5	5	5	5	
19223	1	1	1	1	1	1	
11032	2	2	2	2	2	2	
11034	3	3	3	3	3	3	
11035	1	1	1	1	1	1	
8666	9	4	3	3	3	3	
2846	16	7	6	6	5	5	
2848	2	2	2	2	2	2	
19233	3	2	2	2	2	2	
19234	1	1	1	1	1	1	
2851	2	2	2	2	2	2	
2852	2	2	2	2	2	2	
1841	6	6	6	6	6	6	
21712	2	2	2	2	2	2	
95	2	1	1	1	1	1	
23687	1	1	1	1	1	1	
11052	6	3	3	3	3	3	
11053	6	6	6	6	6	6	
19246	20	20	20	20	20	20	
19247	1	1	1	1	1	1	
19248	3	3	3	3	3	3	
14131	1	1	1	1	1	1	
19252	1	1	1	1	1	1	
2870	11	6	5	5	5	5	
3209	2	2	2	2	2	2	
19256	1	1	1	1	1	1	
22324	34	34	34	34	34	34	
11066	3	2	2	2	2	2	
20959	1	1	1	1	1	1	
2877	3	2	2	2	2	2	
510	2	2	2	2	2	2	
2879	1	1	1	1	1	1	
4576	1	1	1	1	1	1	
2883	2	2	2	2	2	2	
11077	14	5	4	3	3	3	
24733	1	1	1	1	1	1	
11082	12	11	11	11	11	11	
18231	4	4	4	4	4	4	
3347	1	1	1	1	1	1	
24101	5	4	4	4	4	4	
7309	1	1	1	1	1	1	
1383	1	1	1	1	1	1	
11093	2	1	1	1	1	1	
10041	6	5	5	5	5	5	
25115	2	2	2	2	2	2	
6711	3	3	3	3	3	3	
13931	3	2	2	2	2	2	
11102	5	4	4	3	3	3	
7096	23	23	23	23	23	23	
2912	18	7	6	5	5	5	
19297	16	7	6	5	5	5	
11107	8	7	6	5	5	5	
11108	1	1	1	1	1	1	
11109	2	2	2	2	2	2	
97	2	2	2	2	2	2	
11112	4	3	3	3	3	3	
11113	3	3	3	3	3	3	
2922	3	3	3	3	3	3	
2926	2	2	2	2	2	2	
11120	3	1	1	1	1	1	
11121	1	1	1	1	1	1	
19314	5	5	5	5	5	5	
11411	1	1	1	1	1	1	
19316	4	4	4	4	4	4	
11125	3	3	3	3	3	3	
2936	1	1	1	1	1	1	
2938	1	1	1	1	1	1	
1855	2	2	2	2	2	2	
11132	7	5	5	5	5	5	
19325	3	3	3	3	3	3	
22466	4	4	4	4	4	4	
2949	9	6	5	5	5	5	
2950	1	1	1	1	1	1	
2952	45	43	43	43	43	43	
492	14	14	14	14	14	14	
11148	10	8	7	7	7	7	
2959	10	6	5	5	4	4	
11152	3	3	3	3	3	3	
19608	2	2	2	2	2	2	
6918	4	4	4	4	4	4	
19350	3	1	1	1	1	1	
19351	4	4	4	4	4	4	
26013	3	2	2	2	2	2	
23558	4	4	3	3	3	3	
19355	1	1	1	1	1	1	
19356	1	1	1	1	1	1	
19358	2	2	2	2	2	2	
5957	14	8	8	8	8	8	
2980	24	15	12	11	10	9	
18246	3	3	3	3	3	3	
2982	3	3	3	3	3	3	
11175	9	8	6	6	6	5	
2984	2	2	2	2	2	2	
23708	16	9	7	6	5	5	
11182	4	4	4	4	4	4	
2991	2	2	2	2	2	2	
6919	1	1	1	1	1	1	
2993	5	5	5	5	5	5	
11186	3	3	3	3	3	3	
12787	3	3	3	3	3	3	
5828	2	2	2	2	2	2	
2997	3	2	2	2	2	2	
14153	5	5	5	5	5	5	
11194	6	3	3	3	3	3	
19387	4	3	3	3	3	3	
11196	1	1	1	1	1	1	
11197	2	2	2	2	2	2	
3006	10	7	6	5	5	5	
3007	2	2	2	2	2	2	
25443	1	1	1	1	1	1	
23970	2	2	2	2	2	2	
373	1	1	1	1	1	1	
19404	6	4	4	4	4	4	
11213	3	2	1	1	1	1	
6920	3	3	3	3	3	3	
11215	1	1	1	1	1	1	
11216	1	1	1	1	1	1	
16888	4	4	4	4	4	4	
11012	2	2	2	2	2	2	
11223	4	2	2	2	2	2	
3032	12	7	6	5	5	5	
3033	3	3	3	3	3	3	
3034	2	2	2	2	2	2	
11227	3	3	3	3	3	3	
3037	2	2	2	2	2	2	
19423	63	43	43	43	43	43	
11233	8	8	8	8	8	8	
25470	2	2	2	2	2	2	
3048	5	2	2	2	2	2	
11241	49	43	43	43	43	43	
19434	1	1	1	1	1	1	
3052	5	3	3	3	3	3	
4466	6	5	4	4	4	4	
3055	23	23	23	23	23	23	
3056	3	3	3	3	3	3	
9649	4	3	3	3	3	3	
19442	4	4	4	3	3	3	
3059	3	3	3	3	3	3	
19444	4	4	4	4	4	4	
19445	1	1	1	1	1	1	
19446	33	33	33	33	33	33	
3063	3	3	3	3	3	3	
3066	6	4	4	4	4	4	
3067	1	1	1	1	1	1	
3068	1	1	1	1	1	1	
19454	3	3	3	3	3	3	
5973	2	2	2	2	2	2	
19457	1	1	1	1	1	1	
3074	1	1	1	1	1	1	
3076	4	4	4	4	4	4	
1878	2	2	2	2	2	2	
19462	5	4	4	4	4	4	
19463	20	20	20	20	20	20	
19464	2	2	2	2	2	2	
19466	2	2	2	2	2	2	
11275	19	9	6	6	5	5	
5408	2	2	2	2	2	2	
19469	2	2	2	2	2	2	
11279	2	2	2	2	2	2	
11280	1	1	1	1	1	1	
19473	1	1	1	1	1	1	
19475	3	3	3	3	3	3	
11284	4	3	3	3	3	3	
11285	2	2	2	2	2	2	
3096	12	7	6	6	5	5	
16900	3	3	3	3	3	3	
3099	5	4	4	3	3	3	
3100	1	1	1	1	1	1	
11293	13	4	4	4	4	4	
3102	3	3	3	3	3	3	
19489	16	7	6	5	5	5	
14171	1	1	1	1	1	1	
19493	5	4	4	4	4	4	
19495	1	1	1	1	1	1	
3113	17	6	6	6	6	6	
8711	2	2	2	2	2	2	
19501	4	3	2	2	2	2	
19502	2	2	2	2	2	2	
3119	2	2	2	2	2	2	
19507	2	1	1	1	1	1	
9924	5	5	4	4	4	4	
14174	2	2	2	2	2	2	
11318	12	5	5	4	4	4	
16471	2	2	2	2	2	2	
19517	8	5	5	4	4	4	
11328	4	3	3	3	3	3	
19521	2	2	2	2	2	2	
8715	4	4	4	4	4	4	
19525	3	3	3	3	3	3	
19527	4	4	4	4	4	4	
19528	3	3	3	3	3	3	
9459	3	3	3	3	3	3	
11016	2	2	2	2	2	2	
8717	1	1	1	1	1	1	
8718	2	2	2	2	2	2	
25444	2	2	2	2	2	2	
19544	1	1	1	1	1	1	
19545	11	11	11	11	11	11	
20779	2	2	2	2	2	2	
3164	6	4	4	4	4	4	
19551	3	2	2	2	2	2	
7386	2	2	2	2	2	2	
19553	3	3	3	3	3	3	
19554	2	2	2	2	2	2	
3171	1	1	1	1	1	1	
13199	5	4	3	3	3	3	
3173	1	1	1	1	1	1	
3174	1	1	1	1	1	1	
8721	8	7	7	7	7	7	
19560	3	3	3	3	3	3	
3178	5	4	4	4	4	4	
11372	18	8	6	5	5	4	
19443	3	3	3	3	3	3	
23741	5	5	4	4	4	4	
23856	1	1	1	1	1	1	
3185	1	1	1	1	1	1	
3186	1	1	1	1	1	1	
11379	8	5	5	5	5	4	
3188	1	1	1	1	1	1	
19573	17	17	17	17	17	17	
22377	3	3	3	3	3	3	
3193	7	5	4	4	4	3	
19578	1	1	1	1	1	1	
379	2	2	2	2	2	2	
19580	4	3	3	3	3	3	
3197	3	3	3	3	3	3	
3199	1	1	1	1	1	1	
3200	2	2	2	2	2	2	
19585	2	2	2	2	2	2	
19586	14	14	14	14	14	14	
22379	2	2	2	2	2	2	
3204	6	5	5	5	5	5	
3206	2	1	1	1	1	1	
3207	1	1	1	1	1	1	
11400	18	7	5	5	5	4	
11401	2	2	2	2	2	2	
11402	4	4	4	4	4	4	
8727	33	33	33	33	33	33	
19596	1	1	1	1	1	1	
11405	2	2	2	2	2	2	
19598	2	1	1	1	1	1	
21016	1	1	1	1	1	1	
11410	2	2	2	2	2	2	
19603	4	4	4	4	4	4	
19605	2	2	2	2	2	2	
19607	4	3	3	3	3	3	
11416	7	5	4	4	4	4	
19609	2	2	2	2	2	2	
11418	1	1	1	1	1	1	
19612	6	5	5	5	5	5	
19613	3	3	3	3	3	3	
11461	6	4	3	3	3	3	
18288	2	2	2	2	2	2	
11426	3	1	1	1	1	1	
11427	1	1	1	1	1	1	
11462	1	1	1	1	1	1	
3239	2	2	2	2	2	2	
19624	4	3	3	3	3	3	
8732	3	3	3	3	3	3	
3243	3	2	2	2	2	2	
11442	5	3	3	3	3	3	
11444	3	3	2	2	2	2	
11445	20	20	20	20	20	20	
15384	2	2	2	2	2	2	
11447	4	3	3	3	3	3	
19640	25	13	11	10	10	9	
19641	2	2	2	2	2	2	
19642	2	2	2	2	2	2	
8735	1	1	1	1	1	1	
19645	42	33	33	33	33	33	
3265	9	6	5	5	4	4	
11459	1	1	1	1	1	1	
26023	3	3	3	3	3	3	
17294	2	2	2	2	2	2	
11464	14	11	11	11	11	11	
19657	10	5	5	4	4	4	
3655	23	23	23	23	23	23	
11467	1	1	1	1	1	1	
11468	2	2	2	2	2	2	
8738	2	2	2	2	2	2	
11470	2	2	2	2	2	2	
3279	1	1	1	1	1	1	
11472	45	43	43	43	43	43	
547	5	5	5	5	5	5	
3286	3	3	3	3	3	3	
6009	4	4	4	4	4	4	
19675	16	6	5	5	5	5	
3292	1	1	1	1	1	1	
3293	2	2	2	2	2	2	
19678	14	14	14	14	14	14	
3280	2	2	2	2	2	2	
11490	5	2	2	2	2	2	
11491	3	3	3	3	3	3	
11493	3	3	3	3	3	3	
19686	3	3	3	3	3	3	
11495	3	2	2	2	2	2	
3310	16	8	6	6	5	5	
3312	3	3	3	3	3	3	
19697	6	3	3	3	3	3	
15386	2	2	2	2	2	2	
3283	34	34	34	34	34	34	
3316	2	1	1	1	1	1	
19703	3	3	3	3	3	3	
3321	3	3	3	3	3	3	
3323	5	4	4	4	4	3	
4650	2	2	2	2	2	2	
19710	3	3	3	3	3	3	
19711	1	1	1	1	1	1	
19712	1	1	1	1	1	1	
11522	4	3	3	3	3	3	
11528	2	1	1	1	1	1	
19723	5	3	3	3	3	3	
19724	3	3	3	3	3	3	
15387	1	1	1	1	1	1	
3345	15	5	4	4	4	4	
16751	1	1	1	1	1	1	
8395	2	2	2	2	2	2	
11841	1	1	1	1	1	1	
19738	5	5	5	5	5	5	
19739	2	2	2	2	2	2	
18388	1	1	1	1	1	1	
19741	5	4	4	4	4	4	
14842	1	1	1	1	1	1	
3362	2	1	1	1	1	1	
3291	3	3	3	3	3	3	
11557	15	6	5	5	5	5	
11561	1	1	1	1	1	1	
11563	1	1	1	1	1	1	
3372	49	43	43	43	43	43	
25138	2	2	2	2	2	2	
11566	2	2	2	2	2	2	
19677	23	21	21	21	21	21	
19207	3	3	3	3	3	3	
3377	5	4	4	4	4	4	
11572	3	3	3	3	3	3	
10388	2	1	1	1	1	1	
677	2	2	2	2	2	2	
3383	1	1	1	1	1	1	
23299	1	1	1	1	1	1	
11577	2	2	2	2	2	2	
3386	11	7	7	7	7	7	
3387	15	15	15	15	15	15	
3388	3	3	3	3	3	3	
11583	1	1	1	1	1	1	
19781	8	3	3	3	3	3	
19783	1	1	1	1	1	1	
19784	2	2	2	2	2	2	
11593	1	1	1	1	1	1	
19682	4	4	4	4	4	4	
25482	1	1	1	1	1	1	
19791	5	4	4	4	4	4	
3409	16	11	10	9	9	9	
11602	4	3	3	3	3	3	
3411	3	3	3	3	3	3	
3412	3	3	3	3	3	3	
23300	4	4	4	4	4	4	
11607	4	4	4	4	4	4	
19800	3	1	1	1	1	1	
11609	8	4	4	4	4	4	
3418	5	3	3	3	3	3	
6031	2	2	2	2	2	2	
3420	3	3	3	3	3	3	
11613	3	3	3	3	3	3	
19806	2	2	2	2	2	2	
19807	2	2	2	2	2	2	
11616	2	2	2	2	2	2	
11617	1	1	1	1	1	1	
19810	2	2	2	2	2	2	
11621	7	6	6	6	6	6	
3430	5	4	4	4	4	4	
3431	1	1	1	1	1	1	
11626	2	2	2	2	2	2	
19687	4	4	4	4	4	4	
11629	3	3	3	3	3	3	
11630	5	5	5	5	5	5	
12861	3	3	3	3	3	3	
11844	3	2	2	2	2	2	
3441	6	3	3	3	3	3	
3442	7	7	7	7	7	7	
16958	1	1	1	1	1	1	
11638	2	2	2	2	2	2	
11640	2	2	2	2	2	2	
3449	2	2	2	2	2	2	
3450	2	2	2	2	2	2	
3451	1	1	1	1	1	1	
3452	2	2	2	2	2	2	
15678	9	8	8	8	8	8	
10133	1	1	1	1	1	1	
8768	18	9	7	7	6	6	
115	2	2	2	2	2	2	
4673	10	6	5	4	4	4	
7024	3	3	3	3	3	3	
3466	8	5	4	4	4	3	
6039	1	1	1	1	1	1	
11661	8	4	4	4	4	4	
11662	4	4	4	4	4	4	
11664	2	2	2	2	2	2	
357	4	4	4	4	4	4	
11502	7	3	3	3	3	3	
11670	7	5	4	4	4	4	
19110	1	1	1	1	1	1	
19865	26	9	7	6	5	5	
19866	2	2	2	2	2	2	
19870	21	14	11	11	11	11	
19871	2	2	2	2	2	2	
19877	5	3	2	2	2	2	
19879	5	5	5	5	5	5	
19880	5	5	5	5	5	5	
16756	2	2	2	2	2	2	
25159	4	4	4	4	4	4	
3501	23	8	6	6	5	5	
3502	9	9	9	9	9	9	
11696	19	8	7	6	6	5	
19890	6	3	3	3	3	3	
3507	3	2	2	2	2	2	
11700	1	1	1	1	1	1	
13483	1	1	1	1	1	1	
3511	2	2	2	2	2	2	
7482	1	1	1	1	1	1	
19900	4	3	3	3	3	3	
19903	1	1	1	1	1	1	
11712	12	5	4	4	4	4	
11713	1	1	1	1	1	1	
19906	1	1	1	1	1	1	
17848	1	1	1	1	1	1	
3524	2	1	1	1	1	1	
19909	2	2	2	2	2	2	
3526	2	2	2	2	2	2	
11719	1	1	1	1	1	1	
11721	3	3	3	3	3	3	
187	2	2	2	2	2	2	
3532	1	1	1	1	1	1	
3534	23	21	21	21	21	21	
19922	5	2	2	2	2	2	
19923	10	10	10	10	10	10	
19924	1	1	1	1	1	1	
11733	13	6	5	5	4	4	
11734	3	3	3	3	3	3	
19927	4	3	3	3	3	3	
7479	5	4	4	4	4	4	
10148	1	1	1	1	1	1	
3547	13	5	4	4	3	3	
19932	4	4	4	4	4	4	
19936	6	4	4	4	4	4	
3553	2	2	2	2	2	2	
11746	7	3	3	3	3	3	
19939	42	33	33	33	33	33	
19940	2	2	2	2	2	2	
19941	1	1	1	1	1	1	
18122	13	5	4	4	4	4	
3561	9	5	4	4	4	4	
19954	6	5	5	5	5	5	
19955	8	8	8	8	8	8	
19956	3	3	3	3	3	3	
23806	3	3	3	3	3	3	
22487	2	2	2	2	2	2	
19961	45	43	43	43	43	43	
19962	2	2	2	2	2	2	
3297	3	2	2	2	2	2	
19964	5	3	3	3	3	3	
1962	2	2	2	2	2	2	
4211	9	5	4	4	4	4	
19974	4	3	3	3	3	3	
15617	1	1	1	1	1	1	
11785	21	12	10	9	9	9	
19978	3	3	3	3	3	3	
3595	4	4	4	4	4	4	
11788	3	3	3	3	3	3	
11791	3	2	2	2	2	2	
11792	3	3	3	3	3	3	
18669	2	2	2	2	2	2	
1966	3	3	3	3	3	3	
3607	2	1	1	1	1	1	
19992	15	7	7	7	7	7	
11801	11	6	5	5	5	5	
19996	3	3	3	3	3	3	
19997	1	1	1	1	1	1	
11806	2	2	1	1	1	1	
15396	3	3	3	3	3	3	
20000	5	3	3	3	3	3	
20001	1	1	1	1	1	1	
3618	13	6	5	5	5	5	
20003	4	4	4	4	4	4	
20004	3	3	3	3	3	3	
11815	2	2	2	2	2	2	
11816	1	1	1	1	1	1	
15623	3	3	3	3	3	3	
11820	2	2	2	2	2	2	
11821	3	3	3	3	3	3	
20014	6	5	5	5	5	4	
3631	1	1	1	1	1	1	
11824	8	8	8	8	8	8	
3633	2	2	2	2	2	2	
10163	6	6	6	6	6	6	
11828	1	1	1	1	1	1	
11829	3	3	3	3	3	3	
20030	7	5	5	5	5	5	
20031	1	1	1	1	1	1	
11840	6	5	5	5	5	5	
20033	4	4	3	3	3	3	
11842	1	1	1	1	1	1	
3651	35	20	20	20	20	20	
3652	23	23	23	23	23	23	
3653	6	6	6	6	6	6	
3654	3	3	3	3	3	3	
4705	11	11	11	11	11	11	
20046	8	6	5	5	5	5	
20052	7	4	4	3	3	3	
20053	1	1	1	1	1	1	
11863	2	2	2	2	2	2	
11865	1	1	1	1	1	1	
20059	7	5	5	5	4	4	
11868	3	3	3	3	3	3	
3677	12	6	5	4	4	4	
20062	4	3	3	3	3	3	
3679	3	3	3	3	3	3	
20064	2	2	2	2	2	2	
3681	3	3	3	3	3	3	
3682	3	3	3	3	3	3	
3683	1	1	1	1	1	1	
11876	5	4	4	4	4	4	
3685	2	2	2	2	2	2	
11878	1	1	1	1	1	1	
11537	4	2	2	2	2	2	
8807	4	3	3	3	3	3	
20078	3	3	3	3	3	3	
1981	7	5	5	5	5	5	
17581	1	1	1	1	1	1	
11891	4	2	2	2	2	2	
11892	1	1	1	1	1	1	
18366	1	1	1	1	1	1	
20086	2	1	1	1	1	1	
20089	3	2	2	2	2	2	
11898	1	1	1	1	1	1	
11899	1	1	1	1	1	1	
11902	4	2	2	2	2	2	
11903	3	3	3	3	3	3	
8307	3	3	3	3	3	3	
20100	12	6	4	4	4	4	
20101	1	1	1	1	1	1	
11910	2	2	2	2	2	2	
3719	11	11	11	11	11	11	
3721	2	2	2	2	2	2	
20106	2	2	2	2	2	2	
20108	45	43	43	43	43	43	
3725	4	3	3	3	3	3	
11919	4	3	3	3	3	3	
3730	3	3	3	3	3	3	
3731	9	9	9	9	9	9	
20116	7	6	6	6	6	6	
11925	3	3	3	3	3	3	
24129	1	1	1	1	1	1	
9126	3	3	3	3	3	3	
25664	2	2	2	2	2	2	
11929	1	1	1	1	1	1	
20122	4	4	4	3	3	3	
15642	2	2	2	2	2	2	
3743	8	4	3	3	3	3	
3744	2	2	2	2	2	2	
20129	6	3	3	3	3	3	
10936	3	1	1	1	1	1	
11939	3	3	2	2	2	2	
4495	1	1	1	1	1	1	
3750	3	3	3	3	3	3	
11944	2	2	2	2	2	2	
7452	1	1	1	1	1	1	
3754	3	2	2	2	2	2	
18375	1	1	1	1	1	1	
24957	2	2	2	2	2	2	
11951	3	3	3	3	3	3	
20148	12	7	7	6	6	5	
3765	7	3	3	3	3	3	
3766	23	23	23	23	23	23	
17114	2	2	2	2	2	2	
628	1	1	1	1	1	1	
20155	2	2	2	2	2	2	
11964	13	7	6	5	5	5	
3773	1	1	1	1	1	1	
11967	4	2	2	2	2	2	
15717	3	3	3	3	3	3	
11969	2	2	2	2	2	2	
18379	1	1	1	1	1	1	
11037	1	1	1	1	1	1	
20168	10	7	7	6	5	5	
20169	2	2	2	2	2	2	
20170	2	2	2	2	2	2	
11979	3	3	3	3	3	3	
20173	2	2	2	2	2	2	
20174	1	1	1	1	1	1	
18381	4	4	4	4	4	4	
1490	1	1	1	1	1	1	
17016	2	2	2	2	2	2	
19221	1	1	1	1	1	1	
14286	3	3	2	2	2	2	
20182	7	4	3	3	3	3	
17017	1	1	1	1	1	1	
20184	4	4	4	4	4	4	
3804	10	6	5	5	4	4	
20191	3	3	3	3	3	3	
3811	11	7	7	7	7	7	
20196	2	2	2	2	2	2	
3814	23	23	23	23	23	23	
23859	1	1	1	1	1	1	
3818	3	3	3	3	3	3	
3819	1	1	1	1	1	1	
3820	34	34	34	34	34	34	
3821	1	1	1	1	1	1	
20207	10	7	6	5	5	5	
12016	7	5	4	4	4	4	
12017	2	2	2	2	2	2	
3826	2	2	2	2	2	2	
3827	3	3	3	3	3	3	
20215	2	2	2	2	2	2	
20216	2	2	2	2	2	2	
20217	3	3	3	3	3	3	
25215	5	2	2	2	2	2	
3839	15	5	5	5	5	5	
12032	5	4	3	3	3	3	
12034	5	5	5	5	5	5	
3843	19	13	13	13	13	13	
3844	1	1	1	1	1	1	
3845	1	1	1	1	1	1	
20230	1	1	1	1	1	1	
20231	3	3	3	3	3	3	
12040	5	3	3	3	2	2	
3849	3	1	1	1	1	1	
12042	1	1	1	1	1	1	
12043	2	2	2	2	2	2	
20236	3	2	2	2	2	2	
12045	1	1	1	1	1	1	
17859	3	2	2	2	2	2	
9130	1	1	1	1	1	1	
12049	3	3	3	3	3	3	
3858	4	4	3	3	3	3	
20243	4	2	2	2	2	2	
12053	4	2	2	2	2	2	
2917	2	2	2	2	2	2	
20248	2	1	1	1	1	1	
20250	23	23	23	23	23	23	
15663	1	1	1	1	1	1	
20253	2	2	2	2	2	2	
20255	1	1	1	1	1	1	
3872	8	4	3	3	3	3	
20257	3	2	2	2	2	2	
12066	8	8	8	8	8	8	
3875	1	1	1	1	1	1	
3876	3	3	3	3	3	3	
3877	20	20	20	20	20	20	
12070	10	6	6	6	6	6	
12071	2	2	2	2	2	2	
844	2	2	2	2	2	2	
12074	6	4	4	4	3	3	
12338	2	2	2	2	2	2	
23858	4	4	4	4	4	4	
22493	7	4	3	3	3	3	
22744	3	3	3	3	3	3	
3890	9	7	6	5	5	4	
7475	6	5	5	5	4	4	
12085	9	9	8	8	8	8	
20157	2	2	2	2	2	2	
19257	2	2	2	2	2	2	
21130	5	2	2	2	2	2	
7477	2	2	2	2	2	2	
12101	12	7	6	6	5	5	
18952	23	21	21	21	21	21	
12940	1	1	1	1	1	1	
12106	2	2	2	2	2	2	
12107	2	2	2	2	2	2	
3916	8	5	5	4	4	4	
3917	3	3	3	3	3	3	
12110	3	2	2	2	2	2	
20303	10	4	4	4	4	4	
12112	2	2	2	2	2	2	
20305	5	5	5	5	5	5	
3922	10	7	6	5	5	5	
20307	2	2	2	2	2	2	
2243	7	7	7	7	7	7	
20309	2	2	2	2	2	2	
12118	15	8	8	8	8	8	
3927	2	2	2	2	2	2	
12121	2	2	2	2	2	2	
12122	2	2	2	2	2	2	
20315	4	3	3	3	3	3	
20316	5	5	5	5	5	5	
20317	1	1	1	1	1	1	
20319	2	2	2	2	2	2	
20320	1	1	1	1	1	1	
3937	4	3	3	3	3	3	
12130	11	6	5	4	4	4	
3939	18	17	17	17	17	17	
25231	1	1	1	1	1	1	
7769	2	2	2	2	2	2	
12135	6	3	3	3	3	3	
3944	3	2	2	2	2	2	
3946	1	1	1	1	1	1	
20331	1	1	1	1	1	1	
3948	2	2	2	2	2	2	
12141	5	4	4	4	4	4	
20335	3	3	3	3	3	3	
3953	4	3	3	3	3	3	
3955	3	3	3	3	3	3	
20341	1	1	1	1	1	1	
12151	3	3	3	3	3	3	
20344	3	3	3	3	3	3	
20345	2	2	2	2	2	2	
20346	2	2	2	2	2	2	
12155	3	3	3	3	3	3	
3964	3	3	3	3	3	3	
3965	2	2	2	2	2	2	
12158	3	3	3	3	3	3	
3967	2	2	2	2	2	2	
12160	3	3	3	3	3	3	
12161	1	1	1	1	1	1	
12165	4	4	4	4	4	4	
12166	3	3	3	3	3	3	
15681	2	1	1	1	1	1	
3977	7	4	4	4	4	4	
3980	2	2	2	2	2	2	
3982	1	1	1	1	1	1	
3983	3	3	3	3	3	3	
21144	1	1	1	1	1	1	
3988	1	1	1	1	1	1	
20373	25	10	7	6	5	5	
3990	3	3	3	3	3	3	
20375	4	4	4	4	4	4	
9025	16	11	11	11	11	11	
12187	10	4	3	3	3	3	
3996	5	2	2	2	2	2	
17591	2	2	2	2	2	2	
3998	3	2	2	2	2	2	
3999	1	1	1	1	1	1	
4000	1	1	1	1	1	1	
12193	2	2	2	2	2	2	
20391	7	6	5	5	5	5	
11591	8	6	5	5	5	5	
4013	10	6	5	4	4	4	
4015	2	2	2	2	2	2	
5862	6	4	4	3	3	3	
4018	2	2	2	2	2	2	
4019	2	2	2	2	2	2	
12212	15	6	4	4	4	4	
4021	2	2	2	2	2	2	
4023	3	2	2	2	2	2	
4027	1	1	1	1	1	1	
7523	3	3	3	3	3	3	
20414	3	2	2	2	2	2	
4032	2	2	2	2	2	2	
4033	3	3	3	3	3	3	
4034	2	2	2	2	2	2	
4036	3	2	2	2	2	2	
20421	3	3	3	3	3	3	
20422	2	2	2	2	2	2	
20424	4	4	4	4	4	4	
20427	4	3	3	3	3	3	
15641	3	2	2	2	2	2	
4046	1	1	1	1	1	1	
20432	5	2	2	2	2	2	
20433	2	2	2	2	2	2	
20434	2	2	2	2	2	2	
20435	2	2	2	2	2	2	
4052	1	1	1	1	1	1	
11641	1	1	1	1	1	1	
12247	5	4	4	4	4	4	
12248	1	1	1	1	1	1	
8868	1	1	1	1	1	1	
12252	1	1	1	1	1	1	
4773	15	11	11	11	11	11	
12256	2	1	1	1	1	1	
11811	6	5	5	5	5	5	
2043	2	2	2	2	2	2	
12260	2	2	2	2	2	2	
4069	1	1	1	1	1	1	
12262	5	5	4	4	4	4	
12263	1	1	1	1	1	1	
12266	9	8	8	8	8	8	
21159	1	1	1	1	1	1	
12268	7	6	6	6	6	6	
4080	4	3	3	3	3	3	
11047	4	2	2	2	2	2	
15401	1	1	1	1	1	1	
11604	5	5	5	5	5	5	
12286	10	5	4	3	3	3	
12287	3	3	3	3	3	3	
12290	2	1	1	1	1	1	
12291	1	1	1	1	1	1	
4102	9	5	5	5	5	5	
4103	3	3	3	3	3	3	
4104	4	4	4	4	4	4	
20489	2	2	2	2	2	2	
4106	4	4	4	4	4	4	
14338	1	1	1	1	1	1	
12302	2	2	2	2	2	2	
20495	2	2	2	2	2	2	
12306	3	3	3	3	3	3	
4115	5	4	4	4	4	4	
12308	4	4	4	4	4	4	
4117	2	2	2	2	2	2	
12311	5	5	5	5	5	5	
6411	15	11	11	11	11	11	
12313	3	3	3	3	3	3	
4125	5	4	3	3	3	3	
12318	3	2	2	2	2	2	
20511	32	17	17	17	17	17	
4128	1	1	1	1	1	1	
20513	3	3	3	3	3	3	
18141	3	3	3	3	3	3	
11611	2	2	2	2	2	2	
12324	5	4	4	4	4	4	
2054	5	1	1	1	1	1	
18238	3	3	3	3	3	3	
20519	3	3	3	3	3	3	
11612	2	2	2	2	2	2	
4138	2	2	2	2	2	2	
4139	4	4	4	4	4	4	
4141	4	3	3	3	3	3	
12334	13	9	6	5	5	5	
4143	5	3	3	3	3	3	
20528	1	1	1	1	1	1	
12337	2	2	2	2	2	2	
4146	13	9	9	9	9	9	
20532	20	14	11	11	11	11	
20533	3	3	3	3	3	3	
20534	17	17	17	17	17	17	
20536	2	2	2	2	2	2	
20537	2	2	2	2	2	2	
20538	2	2	2	2	2	2	
14346	1	1	1	1	1	1	
20543	3	2	2	2	2	2	
19808	11	11	11	11	11	11	
20547	3	3	3	3	3	3	
4164	54	43	43	43	43	43	
20550	1	1	1	1	1	1	
19809	3	3	3	3	3	3	
20552	4	3	3	3	3	3	
20553	2	2	2	2	2	2	
20554	1	1	1	1	1	1	
25271	16	10	7	7	7	6	
12365	77	44	43	43	43	43	
20558	2	2	2	2	2	2	
18445	1	1	1	1	1	1	
4774	4	4	4	4	4	4	
12369	2	2	2	2	2	2	
20562	45	43	43	43	43	43	
15715	1	1	1	1	1	1	
4180	6	6	6	5	5	5	
12373	2	2	2	2	2	2	
4182	3	3	3	3	3	3	
4183	1	1	1	1	1	1	
20568	2	2	2	2	2	2	
20569	3	3	3	3	3	3	
4186	1	1	1	1	1	1	
6159	2	2	2	2	2	2	
12380	3	1	1	1	1	1	
1776	4	4	4	4	4	4	
20574	37	33	33	33	33	33	
7525	34	34	34	34	34	34	
20576	41	33	33	33	33	33	
12386	5	5	5	5	5	5	
4195	5	3	3	3	3	3	
4196	1	1	1	1	1	1	
12389	2	2	2	2	2	2	
22235	3	3	3	3	3	3	
4199	4	4	4	4	4	4	
20587	6	5	5	5	5	5	
20595	9	6	5	5	5	5	
4213	3	2	2	2	2	2	
12406	10	4	4	4	4	4	
20599	3	3	3	3	3	3	
12409	3	2	2	2	2	2	
12411	4	3	3	3	3	3	
12414	4	3	3	3	3	3	
12419	3	2	2	2	2	2	
20613	10	6	6	5	5	5	
12422	3	3	3	3	3	3	
12423	23	23	23	23	23	23	
20616	2	2	2	2	2	2	
12425	4	3	2	2	2	2	
20618	3	2	2	2	2	2	
18455	1	1	1	1	1	1	
20620	1	1	1	1	1	1	
3748	1	1	1	1	1	1	
4241	18	7	5	5	5	5	
4242	2	2	2	2	2	2	
23760	1	1	1	1	1	1	
7534	1	1	1	1	1	1	
23471	2	2	2	2	2	2	
4247	3	3	3	3	3	3	
8669	6	6	6	6	6	6	
4249	2	2	2	2	2	2	
4250	3	3	3	3	3	3	
20635	47	43	43	43	43	43	
4252	1	1	1	1	1	1	
19509	1	1	1	1	1	1	
4254	1	1	1	1	1	1	
4255	5	5	5	5	5	5	
20641	2	2	2	2	2	2	
4258	8	7	7	7	7	7	
2075	3	3	3	3	3	3	
20644	6	6	6	5	5	5	
20645	2	2	2	2	2	2	
9018	3	3	3	3	3	3	
20647	3	2	2	2	2	2	
4264	2	2	2	2	2	2	
2076	2	2	2	2	2	2	
20650	2	1	1	1	1	1	
4267	1	1	1	1	1	1	
12460	4	4	4	4	4	4	
4269	3	3	3	3	3	3	
142	2	2	2	2	2	2	
4272	1	1	1	1	1	1	
4273	4	4	4	4	4	4	
4275	5	3	3	3	3	3	
20660	4	2	2	2	2	2	
25511	3	3	3	3	3	3	
20662	7	7	7	7	7	7	
20663	3	3	3	3	3	3	
12472	11	6	5	5	5	5	
12473	1	1	1	1	1	1	
20667	1	1	1	1	1	1	
4284	2	2	2	2	2	2	
192	4	2	2	2	2	2	
12478	10	6	4	4	4	4	
16922	1	1	1	1	1	1	
4288	4	4	4	4	4	4	
4289	2	2	2	2	2	2	
4290	1	1	1	1	1	1	
17099	1	1	1	1	1	1	
4293	3	2	2	2	2	2	
10154	2	2	2	2	2	2	
1556	3	1	1	1	1	1	
4298	4	2	2	2	2	2	
20683	7	5	5	5	5	5	
12492	5	5	5	5	5	5	
4301	2	2	2	2	2	2	
4302	4	4	4	4	4	4	
19014	4	4	4	4	4	4	
12496	48	43	43	43	43	43	
12498	2	2	2	2	2	2	
14371	1	1	1	1	1	1	
12503	9	7	7	7	7	7	
12504	1	1	1	1	1	1	
12507	42	33	33	33	33	33	
11642	1	1	1	1	1	1	
20702	3	2	2	2	2	2	
4319	3	2	2	2	2	2	
12512	3	3	3	3	3	3	
20707	1	1	1	1	1	1	
14374	4	4	4	4	4	4	
13013	1	1	1	1	1	1	
22233	7	4	4	4	4	4	
20716	28	20	20	20	20	20	
13010	4	3	3	3	3	3	
6184	1	1	1	1	1	1	
21203	4	3	3	3	3	3	
21468	3	3	3	3	3	3	
14377	3	3	3	3	3	3	
3684	2	2	2	2	2	2	
4351	9	6	5	5	4	4	
21149	3	2	2	2	2	2	
12545	22	11	7	6	6	5	
4354	20	20	20	20	20	20	
4355	31	31	31	31	31	31	
21206	1	1	1	1	1	1	
12551	7	6	6	6	6	6	
12552	2	2	2	2	2	2	
12553	9	9	9	9	9	9	
12554	1	1	1	1	1	1	
4364	33	21	21	21	21	21	
9147	3	3	3	3	3	3	
4366	1	1	1	1	1	1	
25304	4	3	2	2	2	2	
4371	6	4	4	4	4	3	
4372	2	2	2	2	2	2	
6190	4	4	4	4	4	4	
4376	4	3	3	3	3	3	
4377	4	4	4	4	4	4	
4379	3	2	2	2	2	2	
4380	2	2	2	2	2	2	
20765	18	5	5	5	5	5	
4382	1	1	1	1	1	1	
4383	1	1	1	1	1	1	
20772	3	3	3	3	3	3	
20774	15	12	12	12	12	12	
20775	1	1	1	1	1	1	
20776	1	1	1	1	1	1	
20332	4	4	4	4	4	4	
12587	15	5	4	4	4	4	
20780	20	20	20	20	20	20	
20781	2	2	2	2	2	2	
20782	3	3	3	3	3	3	
20783	3	3	3	3	3	3	
20787	6	5	5	4	4	4	
13022	1	1	1	1	1	1	
12599	7	4	3	3	3	3	
20792	3	3	3	3	3	3	
20793	1	1	1	1	1	1	
12606	7	4	4	4	4	4	
4416	19	8	6	5	5	5	
17120	1	1	1	1	1	1	
18742	1	1	1	1	1	1	
12611	5	3	3	3	3	3	
12612	4	4	4	4	4	4	
20805	1	1	1	1	1	1	
20806	2	2	2	2	2	2	
20807	2	2	2	2	2	2	
12616	2	2	2	2	2	2	
4425	5	2	2	2	2	2	
21697	3	3	3	3	3	3	
4427	1	1	1	1	1	1	
4428	3	3	3	3	3	3	
20813	1	1	1	1	1	1	
4431	4	4	4	4	4	4	
4432	1	1	1	1	1	1	
4433	2	2	2	2	2	2	
12627	15	8	8	8	8	8	
18489	1	1	1	1	1	1	
18042	4	2	2	2	2	2	
8932	1	1	1	1	1	1	
4442	11	6	5	4	4	5	
20827	8	7	6	5	5	5	
12637	3	3	3	3	3	3	
4446	4	4	4	4	4	4	
12639	2	2	2	2	2	2	
12640	3	3	3	3	3	3	
12641	1	1	1	1	1	1	
12642	1	1	1	1	1	1	
4451	2	2	2	2	2	2	
12644	1	1	1	1	1	1	
12645	3	3	3	3	3	3	
4458	10	5	5	5	5	5	
25319	1	1	1	1	1	1	
12654	8	6	5	5	5	5	
14358	1	1	1	1	1	1	
20850	15	11	9	9	9	9	
12659	9	5	4	4	4	4	
4468	2	2	2	2	2	2	
20853	6	6	6	6	6	6	
20854	2	2	2	2	2	2	
4472	4	2	2	2	2	2	
12665	1	1	1	1	1	1	
5059	1	1	1	1	1	1	
6423	1	1	1	1	1	1	
14132	1	1	1	1	1	1	
12675	9	5	5	5	4	5	
4484	2	2	2	2	2	2	
4485	2	2	2	2	2	2	
12678	4	3	3	3	3	3	
12679	2	2	2	2	2	2	
4488	9	5	5	5	5	5	
4490	4	4	4	4	4	4	
11879	1	1	1	1	1	1	
4493	5	4	4	4	4	4	
20879	15	7	6	6	5	5	
12688	3	3	3	3	3	3	
12689	3	3	3	3	3	3	
12691	2	2	2	2	2	2	
20884	2	2	2	2	2	2	
17134	9	8	8	8	8	8	
20886	2	2	2	2	2	2	
12695	3	3	3	3	3	3	
12696	1	1	1	1	1	1	
18688	2	2	2	2	2	2	
7515	4	4	4	4	4	4	
751	1	1	1	1	1	1	
20892	4	2	2	2	2	2	
7578	5	5	4	4	4	4	
4511	45	42	42	42	42	42	
4512	17	17	17	17	17	17	
4513	43	43	43	43	43	43	
4515	8	7	6	6	5	5	
3910	1	1	1	1	1	1	
12709	2	2	2	2	2	2	
12710	33	33	33	33	33	33	
12712	3	2	2	2	2	2	
4525	8	5	5	4	4	4	
12720	13	6	5	4	4	4	
12722	7	4	4	4	4	4	
20915	1	1	1	1	1	1	
20924	8	4	4	4	4	4	
12733	10	6	5	5	4	4	
20926	3	3	3	3	3	3	
12735	5	4	4	4	4	4	
23968	2	2	2	2	2	2	
6219	3	3	3	3	3	3	
20934	5	3	3	3	3	3	
12743	2	2	2	2	2	2	
4552	3	3	3	3	3	3	
12745	1	1	1	1	1	1	
4554	2	1	1	1	1	1	
4555	2	2	2	2	2	2	
20940	6	2	2	2	2	2	
12749	1	1	1	1	1	1	
20942	3	3	3	3	3	3	
20943	2	2	2	2	2	2	
2334	2	2	2	2	2	2	
20947	3	3	3	3	3	3	
20949	3	2	2	2	2	2	
12758	3	2	2	2	2	2	
20952	3	3	3	3	3	3	
20953	2	2	2	2	2	2	
20954	2	2	2	2	2	2	
18511	9	6	6	5	5	4	
20956	1	1	1	1	1	1	
4575	19	8	7	7	7	7	
20960	2	2	2	2	2	2	
18156	1	1	1	1	1	1	
4583	3	3	3	2	2	2	
19520	3	2	2	2	2	2	
8336	1	1	1	1	1	1	
4588	6	4	4	4	4	4	
12781	57	44	43	43	43	43	
2335	2	2	2	2	2	2	
7592	3	2	2	2	2	2	
12786	6	5	5	4	4	4	
22611	2	2	2	2	2	2	
12788	20	20	20	20	20	20	
19881	1	1	1	1	1	1	
11610	3	3	3	3	3	3	
12797	2	2	2	2	2	2	
12798	1	1	1	1	1	1	
18517	9	6	6	6	6	5	
12801	2	2	2	2	2	2	
12802	34	34	34	34	34	34	
12803	2	2	2	2	2	2	
12806	6	5	5	5	5	5	
10178	2	2	2	2	2	2	
8705	4	4	4	4	4	4	
25181	1	1	1	1	1	1	
4624	12	6	5	5	4	4	
4625	1	1	1	1	1	1	
11054	2	2	2	2	2	2	
21012	81	44	43	43	43	43	
4630	3	3	3	3	3	3	
4631	3	3	3	3	3	3	
4632	12	12	12	12	12	12	
21017	1	1	1	1	1	1	
4634	3	3	3	3	3	3	
4635	2	2	2	2	2	2	
4638	1	1	1	1	1	1	
4639	19	19	19	19	19	19	
4640	3	3	3	3	3	3	
4641	2	2	2	2	2	2	
4642	1	1	1	1	1	1	
21027	2	2	2	2	2	2	
21028	1	1	1	1	1	1	
21029	1	1	1	1	1	1	
21030	23	23	23	23	23	23	
21031	2	2	2	2	2	2	
21032	3	3	3	3	3	3	
12842	15	6	5	5	5	4	
7602	3	3	3	3	3	3	
4656	3	3	3	3	3	3	
12849	3	3	3	3	3	3	
12851	45	43	43	43	43	43	
12852	1	1	1	1	1	1	
17161	2	2	2	2	2	2	
21048	6	4	3	3	3	3	
3508	1	1	1	1	1	1	
21051	4	3	3	3	3	3	
12860	3	3	3	3	3	3	
25354	4	2	2	2	2	2	
12863	1	1	1	1	1	1	
12865	1	1	1	1	1	1	
12866	3	3	3	3	3	3	
4875	3	3	2	2	2	2	
12868	1	1	1	1	1	1	
9968	3	3	3	3	3	3	
25211	1	1	1	1	1	1	
12874	6	6	6	5	5	5	
23991	3	3	3	3	3	3	
4685	2	2	1	1	1	2	
15800	2	2	2	2	2	2	
21075	16	6	5	4	4	4	
12884	9	6	5	4	4	4	
12885	23	23	23	23	23	23	
24161	2	2	2	2	2	2	
4697	5	3	3	3	3	3	
4700	2	2	2	2	2	2	
4702	2	2	2	2	2	2	
4703	15	15	15	15	15	15	
4704	3	3	3	3	3	3	
21089	11	5	4	4	4	3	
21090	3	3	3	3	3	3	
4708	3	3	3	3	3	3	
4712	1	1	1	1	1	1	
4713	5	5	5	5	5	5	
17291	2	2	2	2	2	2	
21100	6	3	3	3	3	3	
21101	1	1	1	1	1	1	
2655	1	1	1	1	1	1	
4724	4	3	3	3	3	3	
4727	4	2	2	2	2	2	
1668	2	2	2	2	2	2	
12927	16	6	5	4	4	4	
12928	11	11	11	11	11	11	
12930	4	2	2	2	2	2	
21125	12	5	4	4	4	4	
4743	25	17	17	17	17	17	
12938	8	4	4	4	4	4	
21131	1	1	1	1	1	1	
4748	19	17	17	17	17	17	
3522	4	4	4	4	4	4	
4750	2	2	2	2	2	2	
10251	5	3	3	3	3	3	
9488	1	1	1	1	1	1	
4755	42	33	33	33	33	33	
4756	3	3	3	3	3	3	
21142	2	2	2	2	2	2	
4759	2	2	2	2	2	2	
4760	2	2	2	2	2	2	
18543	8	6	4	4	4	4	
4765	7	4	4	3	3	3	
4766	2	2	2	2	2	2	
21152	2	2	2	2	2	2	
10352	1	1	1	1	1	1	
21154	2	2	2	2	2	2	
4771	6	5	5	5	5	5	
21156	3	2	2	2	2	2	
21157	1	1	1	1	1	1	
21158	3	3	3	3	3	3	
4775	2	2	2	2	2	2	
12968	10	6	6	5	5	5	
4777	4	3	3	3	3	3	
21162	5	5	4	4	4	3	
12971	1	1	1	1	1	1	
4781	3	3	3	3	3	3	
4782	7	7	7	7	7	7	
21167	2	2	2	2	2	2	
21169	1	1	1	1	1	1	
21171	3	3	3	3	3	3	
12980	8	5	5	5	5	5	
12981	1	1	1	1	1	1	
24009	9	4	3	3	3	3	
4793	7	4	4	4	4	4	
21178	31	31	31	31	31	31	
3062	2	2	2	2	2	2	
4798	6	3	3	3	3	3	
2165	13	8	7	6	6	6	
21184	3	3	2	2	2	2	
800	2	2	2	2	2	2	
17345	4	4	4	4	4	4	
21187	2	2	2	2	2	2	
6161	1	1	1	1	1	1	
21190	2	1	1	1	1	1	
21191	1	1	1	1	1	1	
15163	6	6	6	6	6	6	
21194	1	1	1	1	1	1	
21195	4	4	4	4	4	4	
4814	10	5	5	4	4	4	
21199	2	2	2	2	2	2	
13008	19	9	6	6	6	6	
3105	1	1	1	1	1	1	
4819	2	1	1	1	1	1	
8071	1	1	1	1	1	1	
21205	3	3	3	3	3	3	
4822	2	2	2	2	2	2	
4825	6	3	3	3	3	3	
4826	2	2	2	2	2	2	
4828	2	2	2	2	2	2	
19801	1	1	1	1	1	1	
21165	2	2	2	2	2	2	
13026	4	3	3	3	3	3	
4835	2	2	2	2	2	2	
21220	11	5	4	3	3	3	
13029	3	3	2	2	2	2	
13031	3	2	2	2	2	2	
13032	2	2	2	2	2	2	
161	4	2	2	2	2	2	
13034	2	2	2	2	2	2	
17191	1	1	1	1	1	1	
13036	1	1	1	1	1	1	
4846	22	13	11	11	11	11	
4847	3	3	3	3	3	3	
21288	1	1	1	1	1	1	
8072	11	11	11	11	11	11	
12050	1	1	1	1	1	1	
20893	2	2	2	2	2	2	
7637	1	1	1	1	1	1	
13056	10	6	5	5	5	5	
25387	3	3	3	3	3	3	
13060	9	8	8	8	8	8	
4870	3	3	3	3	3	3	
4469	1	1	1	1	1	1	
13067	6	4	3	3	3	3	
13068	1	1	1	1	1	1	
4877	3	3	3	3	3	3	
4878	2	2	2	2	2	2	
14620	2	2	2	2	2	2	
24713	6	4	3	2	2	2	
21436	9	8	8	8	8	8	
23771	2	2	2	2	2	2	
4896	10	4	4	4	4	4	
21281	79	43	43	43	43	43	
19931	1	1	1	1	1	1	
21287	8	5	4	4	3	3	
13096	22	11	8	6	6	5	
21289	2	2	2	2	2	2	
21713	2	2	2	2	2	2	
21293	2	1	1	1	1	1	
7645	6	4	3	3	3	3	
10376	5	4	4	4	4	4	
2073	3	3	3	3	3	3	
21303	1	1	1	1	1	1	
820	2	1	1	1	1	1	
21548	1	1	1	1	1	1	
21309	4	3	3	3	3	3	
21310	1	1	1	1	1	1	
21313	3	2	2	2	2	2	
21314	1	1	1	1	1	1	
851	6	4	3	3	3	3	
21316	1	1	1	1	1	1	
21317	2	2	2	2	2	2	
360	3	3	3	3	3	3	
21321	6	4	4	4	4	4	
21322	1	1	1	1	1	1	
21324	5	3	3	3	3	3	
24034	3	2	2	2	2	2	
17208	2	2	2	2	2	2	
21333	2	2	2	2	2	2	
13142	28	10	8	6	6	5	
4952	28	9	6	5	5	4	
4954	1	1	1	1	1	1	
10383	4	4	4	4	4	4	
21340	2	2	2	2	2	2	
21341	3	3	3	3	3	3	
4958	3	3	3	3	3	3	
4959	1	1	1	1	1	1	
4960	2	2	2	2	2	2	
13153	4	3	3	3	3	3	
8048	3	3	3	3	3	3	
11622	2	2	2	2	2	2	
4966	3	3	3	3	3	3	
4967	2	2	2	2	2	2	
13164	13	9	9	9	9	9	
15714	23	21	21	21	21	21	
17600	34	34	34	34	34	34	
4975	5	4	4	3	3	3	
23383	7	7	7	7	7	7	
6291	2	2	2	2	2	2	
13174	4	3	3	3	3	3	
4983	2	2	2	2	2	2	
13177	3	3	3	3	3	3	
831	1	1	1	1	1	1	
4988	3	3	3	3	3	3	
4989	4	4	4	4	4	4	
832	15	15	15	15	15	15	
4834	36	34	34	34	34	34	
21379	22	12	10	9	8	6	
18582	1	1	1	1	1	1	
13190	11	5	4	4	4	3	
10532	11	7	7	7	7	7	
20328	10	4	3	3	3	3	
21386	2	2	2	2	2	2	
13196	4	3	3	3	3	3	
21389	5	3	3	3	3	3	
21390	1	1	1	1	1	1	
21391	2	2	2	2	2	2	
13202	1	1	1	1	1	1	
21315	1	1	1	1	1	1	
13205	5	4	3	3	3	3	
2201	2	2	2	2	2	2	
16261	1	1	1	1	1	1	
21401	4	3	3	3	3	3	
25496	5	5	5	5	5	5	
21404	2	2	2	2	2	2	
18586	1	1	1	1	1	1	
21407	6	6	5	4	4	4	
21409	6	6	5	5	5	4	
2203	1	1	1	1	1	1	
13220	11	6	6	6	6	6	
1670	1	1	1	1	1	1	
18444	34	34	34	34	34	34	
22320	15	15	15	15	15	15	
21432	18	9	7	7	6	6	
21433	2	2	2	2	2	2	
15171	4	4	4	4	4	4	
6442	7	5	5	5	5	5	
5052	29	12	7	6	6	5	
21438	1	1	1	1	1	1	
5055	1	1	1	1	1	1	
5056	2	2	2	2	2	2	
5057	2	2	2	2	2	2	
25419	5	5	5	5	5	5	
5060	1	1	1	1	1	1	
5061	1	1	1	1	1	1	
5062	1	1	1	1	1	1	
6305	5	5	5	5	5	5	
5065	23	21	21	21	21	21	
21450	5	2	2	2	2	2	
5067	16	11	11	11	11	11	
8625	7	6	6	6	6	6	
14499	2	2	2	2	2	2	
9038	6	6	6	6	6	6	
5078	8	4	3	3	3	3	
5081	1	1	1	1	1	1	
21466	6	3	2	2	2	2	
5083	2	2	2	2	2	2	
13276	26	12	9	7	6	5	
21469	3	3	3	3	3	3	
5087	2	2	2	2	2	2	
4261	1	1	1	1	1	1	
13282	5	4	4	4	4	4	
13283	4	4	4	4	4	4	
7718	2	2	2	2	2	2	
11183	3	3	3	3	3	3	
13291	3	3	3	3	3	3	
13292	1	1	1	1	1	1	
2352	1	1	1	1	1	1	
5107	18	9	6	5	5	5	
5109	2	2	2	2	2	2	
21495	5	4	3	3	3	3	
21497	3	3	3	3	3	3	
5116	5	4	3	3	3	3	
13310	2	2	2	2	2	2	
17237	1	1	1	1	1	1	
2298	2	2	2	2	2	2	
6315	2	2	2	2	2	2	
21508	67	44	43	43	43	43	
5125	3	2	2	2	2	2	
13318	3	3	2	2	2	2	
13319	4	4	4	4	4	4	
13320	1	1	1	1	1	1	
13321	1	1	1	1	1	1	
13322	4	4	4	4	4	4	
5131	34	34	34	34	34	34	
13325	4	3	3	3	3	3	
5134	7	7	7	7	6	6	
13328	8	5	4	4	4	4	
13144	3	3	2	2	2	2	
21523	2	2	2	2	2	2	
13333	5	5	5	5	5	5	
13334	2	2	2	2	2	2	
5143	2	2	2	2	2	2	
5144	2	2	2	2	2	2	
21530	2	1	1	1	1	1	
21531	2	2	2	2	2	2	
4262	1	1	1	1	1	1	
13346	13	5	5	4	4	3	
21339	2	2	2	2	2	2	
5156	5	2	2	2	2	2	
21543	7	3	3	3	3	3	
13352	8	4	3	3	3	3	
21546	1	1	1	1	1	1	
13355	3	2	2	2	2	2	
5164	4	4	4	4	4	4	
21549	2	2	2	2	2	2	
5166	3	3	3	3	3	3	
25437	1	1	1	1	1	1	
21554	1	1	1	1	1	1	
6446	1	1	1	1	1	1	
5172	10	4	4	4	4	4	
21558	3	3	3	3	3	3	
5175	6	3	3	3	3	3	
21560	2	2	2	2	2	2	
13369	9	7	6	6	6	6	
21562	2	2	2	2	2	2	
13371	4	4	4	4	4	4	
5181	4	3	3	3	3	3	
5182	2	2	2	2	2	2	
5184	3	3	3	3	3	3	
864	1	1	1	1	1	1	
7265	4	4	4	4	4	4	
13384	16	8	7	6	6	6	
13385	1	1	1	1	1	1	
5194	5	3	3	3	3	3	
21579	1	1	1	1	1	1	
13388	2	2	2	2	2	2	
13389	1	1	1	1	1	1	
13390	1	1	1	1	1	1	
21583	4	4	4	4	4	4	
21584	2	2	2	2	2	2	
18995	4	4	4	4	4	4	
5202	3	2	2	2	2	2	
21587	3	3	3	3	3	3	
21588	1	1	1	1	1	1	
15583	2	2	2	2	2	2	
21592	3	3	3	3	3	3	
5209	12	6	4	4	4	4	
5210	33	33	33	33	33	33	
23084	5	2	2	2	2	2	
5212	4	4	4	4	4	4	
5216	3	2	2	2	2	2	
5218	2	2	2	2	2	2	
18619	9	5	5	4	4	4	
13413	1	1	1	1	1	1	
13415	2	2	2	2	2	2	
21608	9	4	3	3	3	3	
5225	6	3	2	2	2	2	
5227	3	3	3	3	3	3	
5228	2	2	2	2	2	2	
21613	3	2	2	2	2	2	
5230	2	2	2	2	2	2	
21615	1	1	1	1	1	1	
22815	10	8	8	8	8	8	
5233	2	2	2	2	2	2	
11631	2	2	2	2	2	2	
21621	6	3	3	3	3	3	
25543	5	5	5	5	5	5	
21623	1	1	1	1	1	1	
5240	6	3	2	2	2	2	
5241	1	1	1	1	1	1	
18623	1	1	1	1	1	1	
21629	7	6	5	5	5	5	
5246	3	2	2	2	2	2	
10432	2	1	1	1	1	1	
21634	1	1	1	1	1	1	
21635	2	2	2	2	2	2	
21638	3	3	3	3	3	3	
5255	2	2	2	2	2	2	
5256	2	2	2	2	2	2	
5257	2	2	2	2	2	2	
5259	5	4	4	4	4	4	
5260	1	1	1	1	1	1	
5261	1	1	1	1	1	1	
21646	9	7	6	5	5	5	
5266	6	4	3	3	3	3	
5267	3	3	3	3	3	3	
5268	2	2	2	2	2	2	
21653	3	3	3	3	3	3	
5631	2	2	2	2	2	2	
21657	1	1	1	1	1	1	
21658	1	1	1	1	1	1	
13167	2	2	2	2	2	2	
21660	1	1	1	1	1	1	
13469	12	6	5	5	5	5	
13470	2	2	2	2	2	2	
21663	2	2	2	1	1	1	
21665	4	4	4	4	4	4	
22726	3	3	3	3	3	3	
5287	10	5	4	4	4	4	
13480	6	4	4	3	3	3	
13481	1	1	1	1	1	1	
13482	34	34	34	34	34	34	
25272	1	1	1	1	1	1	
882	4	4	3	3	3	3	
4836	1	1	1	1	1	1	
13490	3	3	3	3	3	3	
21684	3	2	2	2	2	2	
13493	3	3	3	3	3	3	
5302	11	7	6	5	5	5	
18633	7	7	7	7	7	7	
13496	2	2	2	2	2	2	
884	2	2	2	2	2	2	
13498	1	1	1	1	1	1	
13501	2	2	2	2	2	2	
23167	3	3	3	3	3	3	
21695	4	1	1	1	1	1	
21696	2	2	2	2	2	2	
11808	2	2	2	2	2	2	
21699	3	3	3	3	3	3	
15905	1	1	1	1	1	1	
21705	3	3	3	3	3	3	
21707	3	3	3	3	3	3	
21708	3	3	3	3	3	3	
20002	4	4	4	4	4	4	
21710	6	6	6	6	6	6	
13520	16	8	6	5	5	5	
13521	1	1	1	1	1	1	
20636	2	2	2	2	2	2	
7715	2	2	2	2	2	2	
14542	17	17	17	17	17	17	
21718	6	4	4	4	4	4	
13528	2	2	2	2	2	2	
13529	1	1	1	1	1	1	
21723	5	4	4	4	4	4	
17274	2	2	2	2	2	2	
21727	2	2	2	2	2	2	
5346	20	6	5	5	4	4	
23910	1	1	1	1	1	1	
15181	1	1	1	1	1	1	
5352	4	3	3	3	3	3	
5353	4	4	4	4	4	4	
5355	2	2	2	2	2	2	
6354	1	1	1	1	1	1	
5359	2	1	1	1	1	1	
5360	1	1	1	1	1	1	
5361	1	1	1	1	1	1	
24456	3	3	3	3	3	3	
6355	2	2	2	2	2	2	
13556	20	7	7	6	6	5	
5365	1	1	1	1	1	1	
5366	2	2	2	2	2	2	
5367	4	4	4	4	4	4	
21754	12	7	6	6	5	5	
21755	1	1	1	1	1	1	
17280	4	3	3	3	3	3	
179	3	3	3	3	3	3	
5385	13	4	4	4	4	4	
21771	7	4	3	3	3	3	
6726	1	1	1	1	1	1	
15917	4	4	4	4	4	4	
21776	5	5	5	4	4	4	
10456	9	4	4	3	3	3	
21778	3	3	3	3	3	3	
21779	3	3	3	3	3	3	
3630	8	6	5	5	5	5	
5400	1	1	1	1	1	1	
5402	1	1	1	1	1	1	
11823	4	4	4	4	4	4	
17585	1	1	1	1	1	1	
13597	17	10	9	8	8	8	
5406	1	1	1	1	1	1	
5407	9	9	9	9	9	9	
13600	2	2	2	2	2	2	
3632	4	4	4	4	4	4	
5411	3	3	3	3	3	3	
5412	20	20	20	20	20	20	
5413	1	1	1	1	1	1	
21798	8	5	5	5	5	5	
5415	1	1	1	1	1	1	
21800	4	4	4	4	4	4	
22748	2	2	2	2	2	2	
13191	1	1	1	1	1	1	
13614	16	8	6	6	6	6	
13615	3	3	3	3	3	3	
13616	1	1	1	1	1	1	
5425	5	3	3	3	3	3	
5427	1	1	1	1	1	1	
13620	1	1	1	1	1	1	
13621	1	1	1	1	1	1	
13622	2	2	2	2	2	2	
21815	8	8	8	8	8	8	
21816	2	2	2	2	2	2	
13625	3	3	3	3	3	3	
5434	4	4	4	4	4	4	
5435	3	3	3	3	3	3	
13628	6	4	4	4	4	4	
17290	1	1	1	1	1	1	
21823	3	3	3	3	3	3	
21824	10	10	10	10	10	10	
5441	8	5	5	4	4	4	
13635	4	2	2	2	2	2	
5444	2	2	2	2	2	2	
5445	2	2	2	2	2	2	
21830	3	3	2	2	2	2	
21831	3	3	3	3	3	3	
21832	8	8	8	8	8	8	
13641	1	1	1	1	1	1	
11911	1	1	1	1	1	1	
13647	6	4	3	3	3	3	
13649	16	11	11	11	11	11	
13651	2	2	2	2	2	2	
13653	1	1	1	1	1	1	
21847	48	43	43	43	43	43	
5464	6	4	3	3	3	3	
5465	3	3	3	3	3	3	
5466	1	1	1	1	1	1	
13659	8	4	3	3	3	3	
5468	5	5	5	5	5	5	
21853	5	4	3	3	3	3	
13664	5	3	3	3	3	3	
21858	1	1	1	1	1	1	
21860	8	7	7	7	7	7	
21861	20	20	20	20	20	20	
5478	3	3	3	3	3	3	
5479	1	1	1	1	1	1	
21864	3	2	2	2	2	2	
13673	7	5	5	4	4	4	
21866	1	1	1	1	1	1	
13675	1	1	1	1	1	1	
5485	3	2	2	2	2	2	
5486	1	1	1	1	1	1	
20914	2	2	2	2	2	2	
5488	5	4	4	4	4	4	
13682	3	3	3	3	3	3	
915	2	2	2	2	2	2	
13684	3	3	3	3	3	3	
12458	5	4	4	4	4	4	
20664	10	10	10	10	10	10	
5497	3	3	3	3	3	3	
24127	1	1	1	1	1	1	
5503	4	3	2	2	2	2	
5505	3	3	3	3	3	3	
5510	7	5	5	5	5	5	
13703	2	2	2	2	2	2	
5639	7	4	4	4	4	4	
13705	1	1	1	1	1	1	
13711	4	4	3	3	3	3	
13712	7	7	7	7	7	7	
13713	2	2	2	2	2	2	
13714	17	17	17	17	17	17	
20035	1	1	1	1	1	1	
13717	1	1	1	1	1	1	
21910	11	5	4	3	3	3	
19451	2	2	2	2	2	2	
5529	4	3	3	3	3	3	
5533	2	2	2	2	2	2	
24133	2	2	2	2	2	2	
4276	1	1	1	1	1	1	
5541	6	5	5	4	4	4	
5542	1	1	1	1	1	1	
5543	3	3	3	3	3	3	
21928	3	3	3	3	3	3	
5545	1	1	1	1	1	1	
21930	7	7	7	7	7	7	
5547	3	3	3	3	3	3	
13740	11	6	6	6	5	5	
13741	1	1	1	1	1	1	
9732	4	4	4	4	4	4	
925	1	1	1	1	1	1	
5555	8	7	7	6	6	5	
13749	4	2	2	2	2	2	
21943	13	6	5	5	5	5	
21944	4	4	4	4	4	4	
12312	3	3	3	3	3	3	
5564	10	7	6	5	5	5	
21949	1	1	1	1	1	1	
2293	3	2	2	2	2	2	
5570	3	3	3	3	3	3	
5571	3	3	3	3	3	3	
5575	3	3	3	3	3	3	
8369	4	4	4	4	4	4	
5578	7	7	7	7	7	7	
5579	1	1	1	1	1	1	
21968	13	7	6	5	5	5	
7536	1	1	1	1	1	1	
8623	1	1	1	1	1	1	
15189	23	23	23	23	23	23	
22827	2	2	2	2	2	2	
5597	12	6	5	5	5	4	
4278	1	1	1	1	1	1	
1823	1	1	1	1	1	1	
5601	2	1	1	1	1	1	
5602	2	2	2	2	2	2	
5605	10	6	6	6	6	6	
5606	2	2	2	2	2	2	
9631	2	2	2	2	2	2	
5608	4	4	4	4	4	4	
13801	45	13	9	7	6	5	
21994	17	5	4	4	4	4	
21995	2	2	2	2	2	2	
8643	3	3	3	3	3	3	
22000	1	1	1	1	1	1	
9128	2	2	2	2	2	2	
9039	1	1	1	1	1	1	
13813	13	5	4	4	4	4	
5622	2	2	2	2	2	2	
13815	1	1	1	1	1	1	
1551	1	1	1	1	1	1	
5626	2	2	2	2	2	2	
9189	5	5	5	5	5	5	
5629	4	2	2	2	2	2	
11861	17	6	5	4	4	4	
5632	2	2	2	2	2	2	
2304	3	3	3	3	3	3	
5634	2	2	2	2	2	2	
5636	1	1	1	1	1	1	
22021	1	1	1	1	1	1	
22023	1	1	1	1	1	1	
13832	1	1	1	1	1	1	
13834	1	1	1	1	1	1	
22028	5	4	4	4	4	4	
13837	5	5	5	5	5	5	
22556	2	2	2	2	2	2	
941	9	7	7	7	7	7	
22032	13	13	13	13	13	13	
24152	1	1	1	1	1	1	
10499	1	1	1	1	1	1	
19023	1	1	1	1	1	1	
13847	7	6	6	6	5	5	
5656	4	4	4	4	4	4	
5659	3	3	3	3	3	3	
5660	2	2	2	2	2	2	
5661	1	1	1	1	1	1	
22046	11	6	4	4	4	4	
2309	3	3	3	3	3	3	
22048	2	2	2	2	2	2	
13859	8	3	3	3	3	3	
5668	5	5	5	5	5	5	
13862	3	3	3	3	3	3	
7281	1	1	1	1	1	1	
5672	2	2	2	2	2	2	
5673	4	4	4	4	4	4	
5674	1	1	1	1	1	1	
22791	2	2	2	2	2	2	
9138	1	1	1	1	1	1	
15007	1	1	1	1	1	1	
14600	1	1	1	1	1	1	
4110	2	1	1	1	1	1	
9094	1	1	1	1	1	1	
22074	10	5	4	4	4	4	
22075	2	2	2	2	2	2	
5695	17	7	6	6	5	5	
18282	3	3	3	3	3	3	
22082	5	4	4	4	4	4	
22083	7	7	7	7	7	7	
22285	1	1	1	1	1	1	
1008	8	8	8	8	8	8	
20065	2	2	2	2	2	2	
22088	1	1	1	1	1	1	
951	2	2	2	2	2	2	
20066	1	1	1	1	1	1	
5712	14	7	6	6	6	5	
22831	3	3	3	3	3	3	
15971	5	3	3	3	3	3	
22100	9	5	4	4	4	4	
5717	9	5	4	4	4	4	
17337	2	2	2	2	2	2	
22105	2	2	2	2	2	2	
22108	5	4	4	4	4	4	
22109	2	2	2	2	2	2	
22110	1	1	1	1	1	1	
5729	3	3	3	3	3	3	
5730	1	1	1	1	1	1	
5731	1	1	1	1	1	1	
22119	3	3	3	3	3	3	
13929	45	13	9	7	7	6	
5738	6	3	3	3	3	3	
5739	4	4	4	4	4	4	
5740	1	1	1	1	1	1	
9149	2	2	2	2	2	2	
22129	3	3	3	3	3	3	
13012	2	2	2	2	2	2	
15977	1	1	1	1	1	1	
18195	2	2	2	2	2	2	
9151	1	1	1	1	1	1	
22144	11	6	5	4	4	4	
1010	1	1	1	1	1	1	
13955	12	7	5	5	5	5	
22149	1	1	1	1	1	1	
5767	4	3	3	3	3	3	
5769	2	2	2	2	2	2	
15195	3	3	3	3	3	3	
5771	7	7	7	7	7	7	
8549	11	11	11	11	11	11	
5773	4	4	4	4	4	4	
13966	8	4	4	3	3	3	
13970	1	1	1	1	1	1	
13971	2	2	2	2	2	2	
4181	1	1	1	1	1	1	
2329	2	2	2	2	2	2	
315	1	1	1	1	1	1	
5787	8	7	6	6	6	5	
22177	21	10	7	6	5	5	
5794	3	2	2	2	2	2	
22811	2	2	2	2	2	2	
23303	3	3	3	3	3	3	
13989	10	5	5	4	4	4	
13990	2	2	2	2	2	2	
22184	7	5	5	5	5	4	
2332	2	2	2	2	2	2	
13995	5	5	5	5	5	5	
22188	8	6	6	6	6	6	
22189	2	2	2	2	2	2	
22190	1	1	1	1	1	1	
5807	9	5	5	5	5	4	
5809	2	2	2	2	2	2	
14003	6	3	3	3	3	3	
14004	2	2	2	2	2	2	
22197	4	3	3	3	3	3	
5814	1	1	1	1	1	1	
14007	4	3	3	3	3	3	
14009	3	3	3	3	3	3	
22203	3	2	1	1	1	1	
26171	1	1	1	1	1	1	
5825	4	2	2	2	2	2	
5826	1	1	1	1	1	1	
5827	1	1	1	1	1	1	
14020	5	2	2	2	2	2	
5829	1	1	1	1	1	1	
5830	2	2	2	2	2	2	
12742	4	3	3	3	3	3	
5835	6	4	4	4	4	4	
5838	2	2	2	2	2	2	
5839	2	2	2	2	2	2	
5840	2	2	2	2	2	2	
14033	6	4	4	3	3	3	
11924	1	1	1	1	1	1	
5843	3	2	2	2	2	2	
14037	1	1	1	1	1	1	
8378	1	1	1	1	1	1	
5848	4	3	3	3	3	3	
5849	3	3	3	3	3	3	
5851	3	3	3	3	3	3	
5853	1	1	1	1	1	1	
22239	2	2	2	2	2	2	
22242	10	7	6	6	6	6	
14051	6	3	3	3	3	3	
22244	1	1	1	1	1	1	
22245	1	1	1	1	1	1	
22246	3	3	3	3	3	3	
22253	2	1	1	1	1	1	
22254	1	1	1	1	1	1	
20654	1	1	1	1	1	1	
4643	1	1	1	1	1	1	
14067	9	4	3	3	3	3	
22265	11	6	5	5	4	4	
7807	1	1	1	1	1	1	
22269	4	3	3	3	3	3	
14078	5	3	3	3	3	3	
14079	3	3	3	3	3	3	
8925	3	2	2	2	2	2	
22275	6	4	4	4	4	4	
22278	3	3	3	3	3	3	
14089	5	3	3	3	3	3	
14090	8	8	8	8	8	8	
22283	1	1	1	1	1	1	
22284	20	20	20	20	20	20	
5901	27	11	7	6	6	5	
14094	4	4	4	4	4	4	
14096	1	1	1	1	1	1	
22290	2	2	2	2	2	2	
22830	2	1	1	1	1	1	
14102	7	5	4	4	4	4	
3716	13	5	4	4	4	4	
22299	4	2	2	2	2	2	
2059	1	1	1	1	1	1	
6448	1	1	1	1	1	1	
1561	1	1	1	1	1	1	
22309	3	3	2	2	2	2	
22311	1	1	1	1	1	1	
22312	2	2	2	2	2	2	
5084	2	2	2	2	2	2	
14123	13	5	4	4	4	4	
5934	17	8	7	6	5	5	
22319	4	4	4	4	4	4	
14128	4	3	3	3	3	3	
22321	7	7	7	7	7	7	
5938	3	3	3	3	3	3	
2355	1	1	1	1	1	1	
20008	2	2	2	2	2	2	
22325	1	1	1	1	1	1	
14135	1	1	1	1	1	1	
24202	1	1	1	1	1	1	
18741	7	7	7	7	7	7	
22336	11	7	6	5	5	4	
5953	14	9	7	6	6	5	
24203	2	2	2	2	2	2	
14149	8	3	3	3	3	3	
5960	4	4	4	4	4	4	
14606	2	2	2	2	2	2	
14154	1	1	1	1	1	1	
22839	3	3	3	3	3	3	
14157	37	34	34	34	34	34	
14159	2	2	2	2	2	2	
6456	34	34	34	34	34	34	
25571	1	1	1	1	1	1	
14165	8	5	5	5	5	5	
15960	2	2	2	2	2	2	
14170	2	2	2	2	2	2	
16015	1	1	1	1	1	1	
22366	19	9	7	6	6	5	
14175	2	2	2	2	2	2	
14176	2	2	2	2	2	2	
22369	11	11	11	11	11	11	
22371	1	1	1	1	1	1	
22372	2	2	2	2	2	2	
14181	10	7	7	6	5	5	
14182	1	1	1	1	1	1	
22375	3	2	2	2	2	2	
22376	4	4	4	4	4	4	
5993	13	7	5	5	5	5	
22378	1	1	1	1	1	1	
5995	3	3	3	3	3	3	
22381	1	1	1	1	1	1	
22382	1	1	1	1	1	1	
11923	1	1	1	1	1	1	
6008	2	2	2	2	2	2	
22393	5	4	4	4	4	4	
6010	2	2	2	2	2	2	
22395	3	3	3	3	3	3	
6012	5	5	5	5	5	5	
10559	1	1	1	1	1	1	
22404	2	1	1	1	1	1	
11926	1	1	1	1	1	1	
6023	11	4	4	4	4	4	
6024	2	2	2	2	2	2	
17388	2	1	1	1	1	1	
20119	5	3	3	3	3	3	
6030	4	3	3	3	3	3	
22415	12	6	5	5	5	5	
6033	6	6	6	6	6	6	
22421	6	5	5	5	5	5	
1292	3	3	3	3	3	3	
22423	16	15	15	15	15	15	
22426	6	5	5	4	4	4	
22428	1	1	1	1	1	1	
10847	1	1	1	1	1	1	
22433	3	3	3	3	3	3	
22435	1	1	1	1	1	1	
22436	2	2	2	2	2	2	
22439	3	3	3	3	3	3	
6056	10	6	6	5	5	5	
6079	1	1	1	1	1	1	
6064	6	5	5	4	4	4	
21491	20	12	9	7	7	6	
1293	34	34	34	34	34	34	
6072	1	1	1	1	1	1	
22457	30	14	11	10	9	9	
6075	3	2	2	2	2	2	
6076	6	6	6	6	6	6	
6077	8	8	8	8	8	8	
22462	4	3	3	3	3	3	
22463	4	4	4	4	4	4	
22464	3	3	3	3	3	3	
6081	2	2	2	2	2	2	
6082	1	1	1	1	1	1	
14282	2	1	1	1	1	1	
22476	7	7	6	6	6	5	
11114	4	4	4	4	4	4	
6094	4	4	4	4	4	4	
6095	3	3	3	3	3	3	
22483	8	2	2	2	2	2	
12751	1	1	1	1	1	1	
16570	4	3	3	3	3	3	
22489	3	3	3	3	3	3	
25572	2	2	2	2	2	2	
14302	2	1	1	1	1	1	
22497	4	4	4	4	4	4	
25595	1	1	1	1	1	1	
14308	7	6	5	5	4	4	
22502	3	2	2	2	2	2	
22503	2	2	2	2	2	2	
22504	33	33	33	33	33	33	
22507	3	3	3	3	3	3	
14316	3	2	2	2	2	2	
14317	2	2	2	2	2	2	
14319	3	3	3	3	3	3	
3752	3	3	3	3	3	3	
14324	2	1	1	1	1	1	
14325	2	2	2	2	2	2	
17935	5	5	5	5	5	5	
18772	1	1	1	1	1	1	
22523	10	6	6	5	5	5	
12054	2	2	2	2	2	2	
22527	25	13	11	11	11	11	
22528	2	2	2	2	2	2	
14337	9	4	3	3	3	3	
22530	2	2	2	2	2	2	
14339	1	1	1	1	1	1	
14340	15	15	15	15	15	15	
8366	1	1	1	1	1	1	
9217	2	2	2	2	2	2	
14344	3	2	2	2	2	2	
14345	1	1	1	1	1	1	
6154	15	6	6	6	6	5	
6156	4	4	4	4	4	4	
24471	3	3	3	3	3	3	
6158	4	4	4	4	4	4	
14351	9	6	5	4	4	4	
6160	3	3	3	3	3	3	
14353	2	2	2	2	2	2	
205	6	5	4	4	4	4	
14357	4	4	4	4	4	4	
17936	1	1	1	1	1	1	
6170	2	1	1	1	1	1	
22555	13	5	5	5	5	5	
6172	6	4	4	4	4	4	
2394	5	4	4	3	3	3	
6175	3	3	3	3	3	3	
6176	2	2	2	2	2	2	
14369	10	7	6	6	6	6	
14370	15	15	15	15	15	15	
6179	46	43	43	43	43	43	
14372	4	4	4	4	4	4	
14373	34	34	34	34	34	34	
1024	2	2	2	2	2	2	
6183	5	4	3	3	3	3	
14376	1	1	1	1	1	1	
6185	1	1	1	1	1	1	
14379	23	21	21	21	21	21	
24242	1	1	1	1	1	1	
22574	9	4	3	3	3	3	
14383	2	2	2	2	2	2	
14384	1	1	1	1	1	1	
14385	3	3	3	3	3	3	
18782	5	4	3	3	3	3	
19301	3	3	3	3	3	3	
20333	1	1	1	1	1	1	
22879	5	4	3	3	3	3	
5130	4	4	4	4	4	4	
20149	2	2	2	2	2	2	
18784	1	1	1	1	1	1	
14403	11	6	5	4	4	4	
1025	1	1	1	1	1	1	
20150	2	2	2	2	2	2	
22598	18	9	6	6	6	6	
22599	2	2	2	2	2	2	
22601	37	20	20	20	20	20	
6218	13	7	5	4	4	4	
22603	2	2	2	2	2	2	
22605	1	1	1	1	1	1	
14414	2	2	1	1	1	1	
22609	3	3	3	3	3	3	
22610	4	4	4	4	4	4	
14419	14	11	11	11	11	11	
6229	2	1	1	1	1	1	
8118	2	2	2	2	2	2	
14424	5	4	4	4	4	4	
18788	4	4	4	4	4	4	
22618	4	3	3	3	3	3	
25849	3	3	3	3	3	3	
22620	2	2	2	2	2	2	
22621	3	3	3	3	3	3	
14430	15	7	6	6	6	5	
14431	2	2	2	2	2	2	
5136	2	2	2	2	2	2	
17393	3	3	3	3	3	3	
5137	1	1	1	1	1	1	
3772	1	1	1	1	1	1	
6503	5	2	1	1	1	1	
11965	1	1	1	1	1	1	
4955	1	1	1	1	1	1	
22644	12	8	7	6	5	5	
22645	1	1	1	1	1	1	
2409	4	4	4	4	4	4	
6264	32	8	6	5	5	5	
6265	1	1	1	1	1	1	
6266	3	3	3	3	3	3	
2118	1	1	1	1	1	1	
22890	3	2	2	2	2	2	
6271	30	21	21	21	21	21	
11968	1	1	1	1	1	1	
22891	1	1	1	1	1	1	
22577	2	2	2	2	2	2	
5119	1	1	1	1	1	1	
6280	5	2	2	2	2	2	
6282	1	1	1	1	1	1	
15227	4	3	3	3	3	3	
24214	1	1	1	1	1	1	
9211	1	1	1	1	1	1	
6288	6	6	6	6	6	6	
6290	1	1	1	1	1	1	
16067	2	2	2	2	2	2	
14485	21	12	8	7	6	5	
6300	1	1	1	1	1	1	
6301	13	13	13	13	13	13	
6303	2	2	2	2	2	2	
14496	2	2	1	1	1	1	
14497	3	3	3	3	3	3	
14498	1	1	1	1	1	1	
22691	77	43	43	43	43	43	
14500	2	2	2	2	2	2	
22693	3	3	3	3	3	3	
14502	4	3	3	3	3	3	
22696	2	2	2	2	2	2	
22699	6	5	5	4	4	4	
6316	1	1	1	1	1	1	
6317	4	4	4	4	4	4	
14512	14	12	12	12	12	12	
25235	1	1	1	1	1	1	
22899	5	5	4	4	4	4	
12213	6	6	6	6	6	6	
9758	3	2	2	2	2	2	
25631	4	4	4	4	4	4	
22719	4	2	2	2	2	2	
22720	2	2	2	2	2	2	
22721	3	3	3	3	3	3	
22722	2	2	2	2	2	2	
6340	42	33	33	33	33	33	
22725	4	3	3	3	3	3	
14534	12	5	4	4	4	4	
22727	2	2	2	2	2	2	
22728	1	1	1	1	1	1	
22729	1	1	1	1	1	1	
22730	3	3	3	3	3	3	
22903	15	13	13	13	13	13	
14540	46	43	43	43	43	43	
14541	2	2	2	2	2	2	
22734	3	3	3	3	3	3	
6351	3	3	3	3	3	3	
5667	3	3	2	2	2	2	
9486	1	1	1	1	1	1	
14547	1	1	1	1	1	1	
6356	1	1	1	1	1	1	
22741	20	20	20	20	20	20	
14550	2	2	2	2	2	2	
14552	5	5	5	5	5	5	
22746	2	2	2	2	2	2	
6364	6	6	5	5	4	4	
14558	2	2	2	2	2	2	
14559	2	2	2	2	2	2	
14560	2	2	2	2	2	2	
24272	2	2	2	2	2	2	
14562	1	1	1	1	1	1	
20567	11	5	5	4	4	4	
22758	11	7	5	5	5	5	
6375	5	3	3	3	3	3	
6376	2	2	2	2	2	2	
6380	1	1	1	1	1	1	
22765	2	2	2	2	2	2	
22766	3	3	3	3	3	3	
21544	1	1	1	1	1	1	
22770	1	1	1	1	1	1	
22771	1	1	1	1	1	1	
6388	23	23	23	23	23	23	
6389	2	2	2	2	2	2	
6390	1	1	1	1	1	1	
22778	10	6	6	6	6	5	
22779	11	11	11	11	11	11	
5162	7	7	7	7	7	7	
16340	1	1	1	1	1	1	
21547	3	3	3	3	3	3	
22790	8	6	5	4	4	4	
14599	30	11	7	6	6	5	
6408	12	6	5	5	5	5	
22793	17	17	17	17	17	17	
372	1	1	1	1	1	1	
16087	1	1	1	1	1	1	
22798	6	5	4	4	4	4	
19581	1	1	1	1	1	1	
20883	1	1	1	1	1	1	
2123	1	1	1	1	1	1	
6421	6	5	5	5	5	5	
22806	5	2	2	2	2	2	
14615	10	6	5	5	5	5	
14616	2	2	2	2	2	2	
6427	6	2	2	2	2	2	
7579	2	2	2	2	2	2	
14621	2	2	2	2	2	2	
6431	2	2	2	2	2	2	
22816	1	1	1	1	1	1	
9264	5	3	3	3	3	3	
6434	6	4	4	4	3	3	
14627	5	4	3	3	3	3	
14628	2	2	2	2	2	2	
1073	3	1	1	1	1	1	
22826	5	4	3	3	3	3	
6443	4	4	4	4	4	4	
9266	1	1	1	1	1	1	
14638	5	4	4	4	4	4	
17127	3	3	3	3	3	3	
22832	2	2	2	2	2	2	
22834	6	5	5	5	5	5	
1075	1	1	1	1	1	1	
22836	3	2	2	2	2	2	
22837	7	7	7	7	7	7	
8671	1	1	1	1	1	1	
14647	4	4	4	4	4	4	
14648	31	31	31	31	31	31	
13364	8	5	4	4	4	4	
14652	3	3	3	3	3	3	
12763	2	2	2	2	2	2	
17461	2	2	2	2	2	2	
22848	2	2	2	1	1	1	
6465	5	4	4	4	4	4	
6468	6	5	5	4	4	4	
14661	13	7	7	7	7	6	
14662	2	2	2	2	2	2	
14664	1	1	1	1	1	1	
14667	8	6	5	5	5	5	
17464	2	2	2	2	2	2	
6482	13	6	4	4	4	4	
11718	1	1	1	1	1	1	
8672	8	8	8	8	8	8	
12491	15	7	6	6	6	6	
9273	2	2	2	2	2	2	
3812	34	34	34	34	34	34	
17992	1	1	1	1	1	1	
22927	1	1	1	1	1	1	
22876	13	5	5	4	4	4	
6494	7	6	5	4	4	4	
24293	20	11	9	9	9	9	
19980	8	8	8	8	8	8	
14690	8	4	4	4	4	4	
21563	2	2	2	2	2	2	
24294	13	13	13	13	13	13	
22887	47	43	43	43	43	43	
22888	1	1	1	1	1	1	
17468	2	2	2	2	2	2	
14698	1	1	1	1	1	1	
24295	4	4	4	4	4	4	
22894	2	2	2	2	2	2	
9764	15	15	15	15	15	15	
6512	49	33	33	33	33	33	
6513	2	2	2	2	2	2	
11991	1	1	1	1	1	1	
14707	8	4	4	3	3	3	
22900	1	1	1	1	1	1	
14709	6	5	5	5	5	5	
14710	6	6	6	6	6	6	
14711	1	1	1	1	1	1	
25663	2	2	2	2	2	2	
6524	6	3	3	3	3	3	
6525	34	34	34	34	34	34	
6527	1	1	1	1	1	1	
6529	5	5	5	5	5	5	
6530	3	3	3	3	3	3	
6532	3	3	3	3	3	3	
22917	11	7	5	5	5	5	
6534	1	1	1	1	1	1	
6535	1	1	1	1	1	1	
22920	2	2	2	2	2	2	
7916	3	2	2	2	2	2	
6538	6	3	3	3	3	3	
6541	3	3	3	3	3	3	
6543	5	5	5	5	5	5	
6544	20	20	20	20	20	20	
22929	1	1	1	1	1	1	
25667	2	2	2	2	2	2	
22937	18	11	10	10	9	9	
14746	25	8	6	5	5	5	
14747	3	3	3	3	3	3	
6556	3	2	2	2	2	2	
22938	1	1	1	1	1	1	
6558	4	4	4	4	4	4	
16858	3	3	3	3	3	3	
3824	34	34	34	34	34	34	
22951	8	4	3	3	3	3	
9209	2	2	2	2	2	2	
22953	2	2	2	2	2	2	
22954	3	3	3	3	3	3	
14763	1	1	1	1	1	1	
18920	6	3	3	3	3	3	
14766	42	33	33	33	33	33	
6575	11	5	4	4	4	4	
6576	2	2	2	2	2	2	
22961	2	2	2	2	2	2	
14770	4	2	2	2	2	2	
14771	1	1	1	1	1	1	
22964	3	3	3	3	3	3	
22966	4	4	4	4	4	4	
6583	25	23	23	23	23	23	
7857	2	1	1	1	1	1	
14781	2	2	2	2	2	2	
22975	5	4	4	4	4	4	
22976	1	1	1	1	1	1	
22979	4	4	4	4	4	4	
22980	2	2	2	2	2	2	
10657	2	2	2	2	2	2	
22989	5	5	5	4	4	4	
22990	2	2	2	2	2	2	
1101	2	2	2	2	2	2	
1311	3	3	3	3	3	3	
22993	1	1	1	1	1	1	
6610	68	43	43	43	43	43	
6611	8	8	8	8	8	8	
14807	60	43	43	43	43	43	
14808	23	23	23	23	23	23	
14809	1	1	1	1	1	1	
19575	1	1	1	1	1	1	
8391	4	4	4	4	4	4	
14818	5	4	4	4	4	4	
6627	3	3	3	3	3	3	
6628	4	4	4	4	4	4	
6629	1	1	1	1	1	1	
6631	1	1	1	1	1	1	
6632	3	3	3	3	3	3	
6635	2	2	2	2	2	2	
6222	34	34	34	34	34	34	
6638	6	3	3	3	3	3	
6641	1	1	1	1	1	1	
14834	14	6	5	4	4	4	
1107	1	1	1	1	1	1	
5404	2	2	2	2	2	2	
6648	4	3	3	3	3	3	
14841	1	1	1	1	1	1	
23135	1	1	1	1	1	1	
14843	3	3	3	3	3	3	
14844	1	1	1	1	1	1	
14845	2	2	2	2	2	2	
23038	33	12	9	8	7	6	
1109	3	3	3	3	3	3	
14854	3	2	2	2	2	2	
16129	2	2	2	2	2	2	
6666	5	3	3	3	3	3	
6667	3	3	3	3	3	3	
6669	1	1	1	1	1	1	
14864	10	4	4	4	4	4	
14865	4	4	4	4	4	4	
6675	10	7	7	7	7	7	
14868	2	2	2	2	2	2	
14869	1	1	1	1	1	1	
14870	5	5	5	5	5	5	
23063	2	2	2	2	2	2	
23064	1	1	1	1	1	1	
23066	3	2	2	2	2	2	
14767	17	17	17	17	17	17	
23068	4	4	4	4	4	4	
21594	1	1	1	1	1	1	
20229	2	2	2	2	2	2	
5211	3	3	3	3	3	3	
14886	4	2	2	2	2	2	
13404	16	9	7	7	7	7	
6700	31	15	11	11	11	11	
6701	1	1	1	1	1	1	
6702	1	1	1	1	1	1	
6703	3	3	3	3	3	3	
6706	1	1	1	1	1	1	
6707	3	3	3	3	3	3	
23092	3	3	3	3	3	3	
6709	1	1	1	1	1	1	
23094	1	1	1	1	1	1	
23095	3	3	3	3	3	3	
23096	1	1	1	1	1	1	
23099	2	2	2	2	2	2	
3850	1	1	1	1	1	1	
10677	3	3	3	3	3	3	
16957	1	1	1	1	1	1	
23107	9	7	6	6	5	5	
6724	8	5	4	4	4	4	
23110	8	7	6	6	6	6	
3852	2	2	2	2	2	2	
23114	14	9	8	8	8	8	
10679	3	2	2	2	2	2	
14924	23	8	6	5	5	5	
9314	1	1	1	1	1	1	
7603	1	1	1	1	1	1	
3853	1	1	1	1	1	1	
6737	2	2	2	2	2	2	
6738	1	1	1	1	1	1	
13411	8	7	7	7	6	6	
14932	6	4	4	4	4	4	
14933	4	4	4	4	4	4	
6744	1	1	1	1	1	1	
9316	2	2	2	2	2	2	
6746	3	3	3	3	3	3	
6748	2	2	2	2	2	2	
10682	2	2	2	2	2	2	
23134	21	10	7	6	5	5	
1125	1	1	1	1	1	1	
23137	2	2	2	2	2	2	
23138	1	1	1	1	1	1	
6226	2	2	2	2	2	2	
13864	1	1	1	1	1	1	
14952	12	5	4	3	3	3	
25959	1	1	1	1	1	1	
23146	8	8	8	8	8	8	
23149	4	4	4	4	4	4	
23151	10	7	7	7	7	7	
23153	2	2	2	2	2	2	
23154	1	1	1	1	1	1	
12051	23	23	23	23	23	23	
23156	1	1	1	1	1	1	
6774	27	14	11	10	10	9	
14967	5	4	3	3	3	3	
6776	1	1	1	1	1	1	
14969	7	5	5	5	5	5	
14970	2	2	2	2	2	2	
23163	3	3	3	3	3	3	
14972	3	3	3	3	3	3	
24341	1	1	1	1	1	1	
14976	6	6	5	4	4	4	
10247	1	1	1	1	1	1	
14619	1	1	1	1	1	1	
8774	7	3	3	3	3	3	
14982	2	2	2	2	2	2	
23175	2	1	1	1	1	1	
14985	1	1	1	1	1	1	
1969	2	2	2	2	2	2	
14990	1	1	1	1	1	1	
14991	2	2	2	2	2	2	
12056	1	1	1	1	1	1	
23186	6	6	5	4	4	4	
6804	7	3	3	3	3	3	
21614	2	2	2	2	2	2	
6806	2	2	2	2	2	2	
6807	2	2	2	2	2	2	
6808	4	4	4	4	4	4	
6810	3	3	3	3	3	3	
15003	62	44	43	43	43	43	
6813	5	3	3	3	3	3	
15006	15	15	15	15	15	15	
6815	3	2	2	2	2	2	
5232	2	2	2	2	2	2	
15010	42	33	33	33	33	33	
16155	1	1	1	1	1	1	
23204	12	6	5	5	5	5	
23206	2	2	2	2	2	2	
6823	21	13	13	13	13	13	
6824	5	5	5	5	5	5	
6825	2	2	2	2	2	2	
6828	1	1	1	1	1	1	
23214	4	2	2	2	2	2	
23215	2	2	2	2	2	2	
6832	1	1	1	1	1	1	
3228	6	3	3	3	3	3	
6835	1	1	1	1	1	1	
6838	7	4	4	4	4	4	
23224	3	2	2	2	2	2	
23225	3	3	3	3	3	3	
23226	1	1	1	1	1	1	
23227	1	1	1	1	1	1	
9717	2	2	2	2	2	2	
23233	8	6	6	6	6	6	
12065	3	3	3	2	2	2	
23240	1	1	1	1	1	1	
6857	10	6	5	5	4	4	
6858	3	3	3	3	3	3	
6859	3	3	3	3	3	3	
20258	2	2	2	2	2	2	
23246	6	5	4	4	4	4	
6863	2	2	2	2	2	2	
6864	2	2	2	2	2	2	
6867	2	2	2	2	2	2	
6868	34	34	34	34	34	34	
25721	2	2	2	2	2	2	
23256	5	4	4	4	4	4	
20260	1	1	1	1	1	1	
15066	21	8	6	5	5	5	
18895	1	1	1	1	1	1	
6878	3	2	1	1	1	1	
20261	2	2	2	2	2	2	
23264	1	1	1	1	1	1	
15073	1	1	1	1	1	1	
23266	2	2	2	2	2	2	
23267	1	1	1	1	1	1	
6884	1	1	1	1	1	1	
3878	3	3	3	3	3	3	
6888	3	2	2	2	2	2	
15081	4	3	3	3	3	2	
15082	3	3	3	3	3	3	
6891	7	4	4	4	4	4	
6892	17	17	17	17	17	17	
6895	1	1	1	1	1	1	
6896	4	4	4	4	4	4	
18899	5	4	4	4	3	3	
21630	2	2	2	2	2	2	
6904	4	4	4	4	4	3	
6905	2	2	2	2	2	2	
6907	16	11	11	11	11	11	
6908	2	2	2	2	2	2	
23293	53	43	43	43	43	43	
6911	3	3	3	3	3	3	
23297	5	3	3	3	3	3	
23298	2	2	2	2	2	2	
1594	5	4	3	3	3	3	
15108	22	7	5	5	5	4	
23302	3	3	3	3	3	3	
25729	4	4	3	3	3	3	
23304	1	1	1	1	1	1	
23306	4	3	3	2	2	2	
3231	15	11	11	11	11	11	
1154	2	2	2	2	2	2	
12703	2	1	1	1	1	1	
15123	3	2	2	2	2	2	
15125	3	3	3	3	3	3	
6934	14	8	7	6	6	5	
15127	2	2	2	2	2	2	
6941	5	4	3	3	3	3	
6943	2	2	2	2	2	2	
6944	4	4	4	4	4	4	
23145	3	3	3	3	3	3	
15144	13	6	5	4	4	4	
15145	21	21	21	21	21	21	
7025	1	1	1	1	1	1	
15148	34	34	34	34	34	34	
15150	1	1	1	1	1	1	
23344	9	6	6	5	5	5	
23346	1	1	1	1	1	1	
6963	12	8	6	5	5	5	
18910	2	2	2	2	2	2	
15159	4	3	3	3	3	3	
15160	3	3	3	3	3	3	
15161	2	2	2	2	2	2	
23355	3	2	2	2	2	2	
8557	3	1	1	1	1	1	
6506	4	3	2	2	2	2	
15166	3	3	3	3	3	3	
15170	4	4	4	4	4	4	
23363	10	8	6	6	6	6	
15172	1	1	1	1	1	1	
16872	3	2	2	2	2	2	
5432	1	1	1	1	1	1	
15175	3	3	3	3	3	3	
22087	3	3	3	3	3	3	
778	3	3	3	3	3	3	
6626	3	3	3	3	3	3	
15182	4	4	4	4	4	4	
15184	13	9	9	9	9	9	
15186	1	1	1	1	1	1	
15187	2	2	2	2	2	2	
15188	1	1	1	1	1	1	
5262	1	1	1	1	1	1	
23382	30	13	11	11	11	11	
15191	1	1	1	1	1	1	
15192	2	2	2	2	2	2	
23385	1	1	1	1	1	1	
15194	2	2	2	2	2	2	
23387	2	2	2	2	2	2	
15196	2	2	2	2	2	2	
15197	2	2	2	2	2	2	
15198	1	1	1	1	1	1	
7007	25	10	6	6	6	6	
15200	1	1	1	1	1	1	
23394	6	3	3	3	3	3	
7011	1	1	1	1	1	1	
15205	4	3	3	3	3	3	
7014	2	2	2	2	2	2	
7015	3	3	3	3	3	3	
25875	4	4	4	4	4	4	
15209	2	2	2	2	2	2	
23403	11	7	7	7	7	6	
21650	7	4	3	3	3	3	
15214	3	3	3	3	3	2	
7023	10	5	5	5	5	5	
17419	8	5	4	3	3	3	
23409	2	2	2	2	2	2	
15218	1	1	1	1	1	1	
23412	1	1	1	1	1	1	
15221	3	3	3	3	3	3	
23416	1	1	1	1	1	1	
23417	4	4	4	4	4	4	
23418	1	1	1	1	1	1	
23419	1	1	1	1	1	1	
23420	1	1	1	1	1	1	
7038	2	2	2	2	2	2	
23423	5	4	3	3	3	3	
23424	4	4	4	4	4	4	
7042	4	3	3	3	3	3	
15235	8	6	6	5	5	5	
7045	10	6	6	6	6	6	
7046	6	6	6	6	6	6	
7050	6	3	3	3	3	3	
5271	4	3	3	3	3	3	
15244	59	33	33	33	33	33	
15245	33	33	33	33	33	33	
15246	4	4	4	4	4	4	
15247	2	2	2	2	2	2	
15248	2	2	2	2	2	2	
23441	11	7	6	5	5	5	
15250	2	2	2	2	2	2	
15251	1	1	1	1	1	1	
15252	1	1	1	1	1	1	
15253	1	1	1	1	1	1	
15258	6	3	3	3	3	3	
15259	1	1	1	1	1	1	
23452	22	14	11	11	10	9	
7069	4	3	3	3	3	3	
23454	1	1	1	1	1	1	
3909	17	7	6	5	5	5	
7072	3	3	3	3	3	3	
23458	4	2	2	2	2	2	
22901	34	34	34	34	34	34	
7055	1	1	1	1	1	1	
11812	2	2	2	2	2	2	
23462	1	1	1	1	1	1	
23464	3	3	3	3	3	3	
11231	6	4	4	4	4	4	
6642	3	3	3	3	3	3	
23470	6	4	4	4	4	4	
7087	11	6	5	5	4	4	
7088	2	2	2	2	2	2	
23474	2	2	2	2	2	2	
7091	3	3	3	3	3	3	
23476	3	2	2	2	2	2	
23477	2	2	2	2	2	2	
7094	1	1	1	1	1	1	
7095	2	2	2	2	2	2	
23480	1	1	1	1	1	1	
23481	5	5	5	5	5	5	
7098	3	3	3	2	2	2	
920	2	2	2	2	2	2	
23485	6	4	4	4	4	4	
7103	1	1	1	1	1	1	
7104	2	2	2	2	2	2	
7105	5	5	5	5	5	5	
23490	2	1	1	1	1	1	
15300	19	8	6	5	5	5	
15301	2	2	2	2	2	2	
15305	6	4	4	4	4	4	
15306	1	1	1	1	1	1	
15311	5	4	4	4	4	4	
20233	1	1	1	1	1	1	
14840	4	3	3	3	3	3	
23506	5	4	3	3	3	3	
1187	1	1	1	1	1	1	
15316	3	2	2	2	2	2	
7125	10	5	5	5	5	5	
7126	2	2	2	2	2	2	
23511	4	4	4	4	4	4	
23513	4	3	3	3	3	3	
15322	1	1	1	1	1	1	
16877	3	3	3	3	3	3	
15325	4	4	4	4	4	4	
15329	3	3	3	3	3	3	
12113	1	1	1	1	1	1	
18940	15	8	7	6	5	5	
23530	3	3	3	3	3	3	
17575	4	4	4	4	4	4	
24402	5	3	3	3	3	3	
2557	1	1	1	1	1	1	
21515	2	2	2	2	2	2	
7154	13	7	6	5	5	4	
18942	23	23	23	23	23	23	
15353	4	2	2	2	2	2	
18943	17	17	17	17	17	17	
15357	9	6	6	6	6	6	
15358	2	2	2	2	2	2	
23552	14	6	5	5	5	5	
23553	1	1	1	1	1	1	
23554	2	2	2	2	2	2	
23555	4	4	4	4	4	4	
15365	5	4	4	4	4	4	
15366	3	3	3	3	3	3	
23559	3	3	3	3	3	3	
25062	1	1	1	1	1	1	
15372	10	7	7	7	7	7	
2562	4	4	4	4	4	4	
15374	1	1	1	1	1	1	
13485	1	1	1	1	1	1	
2339	1	1	1	1	1	1	
866	2	2	2	2	2	2	
7188	12	5	4	4	4	4	
13486	2	2	2	2	2	2	
15382	3	3	3	3	3	3	
15383	4	4	4	4	4	4	
23576	4	2	2	2	2	2	
23577	9	9	9	9	9	9	
7194	5	2	2	2	2	2	
17583	6	6	6	6	6	6	
15388	1	1	1	1	1	1	
7197	42	33	33	33	33	33	
17584	21	21	21	21	21	21	
15395	12	7	6	6	6	6	
7204	6	4	4	4	4	4	
7206	1	1	1	1	1	1	
15399	3	2	2	2	2	2	
15400	1	1	1	1	1	1	
7209	3	3	3	3	3	3	
8969	1	1	1	1	1	1	
3594	4	4	4	4	4	4	
7878	4	4	4	4	4	4	
15409	2	2	2	2	2	2	
15516	5	3	2	2	2	2	
15413	5	3	2	2	2	2	
15414	13	13	13	13	13	13	
15415	1	1	1	1	1	1	
15416	2	2	2	2	2	2	
17124	5	4	4	4	4	4	
15419	1	1	1	1	1	1	
15420	2	2	2	2	2	2	
4426	2	2	2	2	2	2	
23614	26	9	7	6	6	5	
17589	1	1	1	1	1	1	
23616	1	1	1	1	1	1	
23051	8	6	6	6	5	5	
23620	4	4	4	4	4	4	
23621	1	1	1	1	1	1	
23622	1	1	1	1	1	1	
23623	2	2	2	2	2	2	
17015	5	3	3	3	3	3	
8970	2	2	2	2	2	2	
15435	14	7	6	6	5	5	
23628	6	6	6	6	6	6	
7245	8	4	4	4	4	4	
7246	2	2	2	2	2	2	
7247	3	3	3	3	3	3	
17592	2	2	2	2	2	2	
23637	10	5	5	5	4	4	
11971	1	1	1	1	1	1	
13497	1	1	1	1	1	1	
5231	1	1	1	1	1	1	
15455	17	9	7	6	5	5	
7264	15	8	6	6	6	5	
15457	34	33	33	33	33	33	
7267	2	2	2	2	2	2	
23652	1	1	1	1	1	1	
23653	1	1	1	1	1	1	
16231	15	15	15	15	15	15	
25526	2	2	2	2	2	2	
7277	9	5	4	4	3	3	
7278	1	1	1	1	1	1	
7280	2	2	2	2	2	2	
23665	12	6	4	4	4	4	
15477	9	6	5	5	5	5	
15478	1	1	1	1	1	1	
15479	3	3	3	3	3	3	
23672	1	1	1	1	1	1	
23673	2	2	2	2	2	2	
23674	13	13	13	13	13	13	
3516	5	2	2	2	2	2	
15485	2	2	2	2	2	2	
23681	6	5	4	4	4	4	
23683	3	3	3	3	3	3	
23686	1	1	1	1	1	1	
15495	4	3	3	3	3	3	
23689	3	3	3	3	3	3	
7307	26	10	7	6	6	5	
23693	9	7	6	6	6	6	
7311	6	6	6	6	6	6	
14872	10	5	5	5	5	5	
9518	2	2	2	2	2	2	
7317	7	4	4	4	4	4	
8047	2	2	2	2	2	2	
7324	4	4	3	3	3	3	
23710	4	4	4	4	4	4	
23712	34	33	33	33	33	33	
23713	4	4	4	4	4	4	
23714	2	2	2	2	2	2	
15523	2	2	2	2	2	2	
15524	1	1	1	1	1	1	
21221	2	2	2	2	2	2	
2340	3	3	3	3	3	3	
23720	6	4	4	4	4	4	
23721	3	3	3	3	3	3	
17343	2	2	2	2	2	2	
23723	8	7	7	7	6	6	
23727	1	1	1	1	1	1	
15793	5	3	3	3	3	3	
15538	14	10	9	8	8	8	
17157	6	6	6	6	6	6	
7350	19	7	7	6	5	5	
7355	8	5	4	4	4	4	
7356	1	1	1	1	1	1	
7357	20	20	20	20	20	20	
12149	3	3	3	3	3	3	
15552	18	9	7	6	6	5	
15553	1	1	1	1	1	1	
2613	2	2	2	2	2	2	
23751	4	4	4	4	4	4	
15562	23	21	21	21	21	21	
24439	7	3	3	3	3	3	
23757	2	2	2	2	2	2	
23758	2	2	2	2	2	2	
23759	1	1	1	1	1	1	
15568	6	3	3	3	3	3	
15571	6	5	4	4	4	4	
15572	1	1	1	1	1	1	
7383	13	7	6	6	6	5	
7384	2	2	2	2	2	2	
8702	1	1	1	1	1	1	
23770	10	7	5	5	5	5	
25069	2	2	2	2	2	2	
15580	7	5	5	5	5	5	
8058	2	1	1	1	1	1	
15582	7	7	7	7	7	7	
23775	2	2	2	2	2	2	
23776	1	1	1	1	1	1	
15585	5	5	5	5	5	5	
15589	2	2	2	2	2	2	
9248	5	4	3	3	3	3	
23786	2	2	2	2	2	2	
18983	4	3	2	2	2	2	
15596	3	3	3	3	3	3	
9426	3	1	1	1	1	1	
12157	1	1	1	1	1	1	
15600	3	3	3	3	3	3	
10792	2	2	2	2	2	2	
15608	6	6	6	6	5	5	
15609	1	1	1	1	1	1	
23805	12	7	6	5	5	5	
15614	7	6	6	5	4	4	
15616	3	3	3	3	3	3	
23809	4	3	3	3	3	3	
23810	2	2	2	2	2	2	
23811	2	2	2	2	2	2	
23812	1	1	1	1	1	1	
13526	34	34	34	34	34	34	
23161	4	4	3	3	3	3	
15624	1	1	1	1	1	1	
15625	1	1	1	1	1	1	
15626	1	1	1	1	1	1	
7442	18	10	7	6	6	5	
24451	2	1	1	1	1	1	
7444	28	26	25	25	25	25	
14894	2	1	1	1	1	1	
7446	4	3	3	3	3	3	
7447	15	15	15	15	15	15	
7449	3	3	2	2	2	2	
7450	4	4	4	4	4	4	
23836	15	6	5	5	4	4	
24453	5	4	4	4	4	4	
23841	10	6	5	5	5	5	
7459	12	8	7	6	6	5	
16262	1	1	1	1	1	1	
18417	1	1	1	1	1	1	
7463	6	5	4	4	4	4	
15657	2	2	2	2	2	2	
15659	45	43	43	43	43	43	
7468	1	1	1	1	1	1	
23855	8	5	4	4	4	4	
15664	4	4	4	4	4	4	
15665	1	1	1	1	1	1	
15666	3	3	3	3	3	3	
15667	3	3	3	3	3	3	
15668	3	3	3	3	3	3	
15669	3	3	3	3	3	3	
23863	2	2	2	2	2	2	
23864	9	9	9	9	9	9	
7481	3	3	3	3	3	3	
23866	1	1	1	1	1	1	
7483	1	1	1	1	1	1	
7485	3	3	3	3	3	3	
23870	5	3	3	2	2	2	
23093	6	6	6	6	6	6	
21799	2	2	2	2	2	2	
15682	6	6	6	6	6	6	
15683	10	10	10	10	10	10	
8877	1	1	1	1	1	1	
15685	2	2	2	2	2	2	
25582	9	4	4	4	4	4	
15687	3	2	2	2	2	2	
23880	7	4	4	4	4	4	
23881	1	1	1	1	1	1	
23883	4	2	2	2	2	2	
9979	1	1	1	1	1	1	
15695	5	3	3	3	3	3	
7504	11	6	4	4	4	4	
7506	3	2	2	2	2	2	
1341	4	4	4	4	4	4	
7510	2	2	2	2	2	2	
7511	2	2	2	2	2	2	
23896	15	8	8	8	8	8	
23509	3	2	2	2	2	2	
15706	2	1	1	1	1	1	
24463	2	2	2	2	2	2	
15708	23	21	21	21	21	21	
23901	2	2	2	2	2	2	
15712	1	1	1	1	1	1	
7522	4	4	4	4	4	4	
23907	5	4	4	4	4	4	
7524	7	7	7	7	7	7	
23909	1	1	1	1	1	1	
15718	1	1	1	1	1	1	
23912	3	3	3	3	3	3	
19004	2	2	2	2	2	2	
23915	9	8	8	8	8	8	
23916	1	1	1	1	1	1	
7533	8	6	5	5	5	5	
23918	4	3	3	3	3	3	
21927	4	3	3	3	3	3	
23920	3	3	3	3	3	3	
7541	8	6	5	5	5	5	
7542	1	1	1	1	1	1	
7543	2	2	2	2	2	2	
7546	4	2	2	2	2	2	
3718	2	2	2	2	2	2	
1258	4	3	3	3	3	3	
3989	1	1	1	1	1	1	
23939	17	9	7	6	5	5	
7071	3	3	3	3	3	3	
24470	1	1	1	1	1	1	
23943	4	4	4	4	4	4	
23944	1	1	1	1	1	1	
23945	3	3	3	3	3	3	
23946	5	5	5	5	5	5	
7563	7	5	4	4	4	4	
23950	2	2	2	2	2	2	
19011	2	1	1	1	1	1	
7572	1	1	1	1	1	1	
7573	1	1	1	1	1	1	
15770	5	3	2	2	2	2	
15528	4	2	2	2	2	2	
22738	3	3	3	3	3	3	
15774	1	1	1	1	1	1	
23967	15	9	7	6	6	5	
7584	3	2	2	2	2	2	
7585	2	2	2	2	2	2	
7586	3	3	3	3	3	3	
20379	1	1	1	1	1	1	
7588	1	1	1	1	1	1	
10822	2	2	2	2	2	2	
7590	1	1	1	1	1	1	
8452	1	1	1	1	1	1	
15784	11	8	8	8	8	8	
13619	6	5	4	4	4	4	
15786	2	2	2	2	2	2	
19015	4	4	4	4	4	4	
7596	1	1	1	1	1	1	
7597	2	2	2	2	2	2	
24462	1	1	1	1	1	1	
7601	2	2	2	2	2	2	
23986	7	4	4	4	4	4	
5363	4	3	3	3	3	3	
23989	1	1	1	1	1	1	
15799	9	6	4	3	3	3	
17984	6	4	4	4	4	4	
5364	1	1	1	1	1	1	
15802	1	1	1	1	1	1	
20383	5	4	3	3	3	3	
15805	23	21	21	21	21	21	
9224	3	2	2	2	2	2	
7615	7	6	6	6	5	5	
24001	6	5	5	5	5	5	
24002	1	1	1	1	1	1	
13558	6	6	6	6	6	6	
15814	12	8	6	5	5	5	
15816	4	4	4	4	4	4	
6732	7	4	4	4	4	4	
15821	4	3	3	3	3	3	
15824	1	1	1	1	1	1	
7635	42	33	33	33	33	33	
7636	1	1	1	1	1	1	
15829	4	3	3	3	3	3	
7638	2	2	2	2	2	2	
24023	9	7	6	6	5	5	
6735	6	3	3	3	3	3	
24029	5	5	5	5	5	5	
7647	1	1	1	1	1	1	
24032	2	2	2	2	2	2	
7650	37	34	34	34	34	34	
19895	4	3	3	3	3	3	
15846	10	6	5	5	5	5	
15847	2	2	2	2	2	2	
18218	1	1	1	1	1	1	
15850	5	4	4	4	4	4	
16622	1	1	1	1	1	1	
1278	8	3	3	3	3	3	
8739	2	2	2	2	2	2	
24057	23	9	7	6	6	5	
1279	2	2	2	2	2	2	
24060	3	3	3	3	3	3	
25856	1	1	1	1	1	1	
1281	6	6	6	6	6	6	
15880	9	6	5	5	5	4	
7689	32	12	8	6	6	5	
15882	1	1	1	1	1	1	
7695	1	1	1	1	1	1	
15891	5	4	4	4	4	4	
19683	3	3	3	3	3	3	
7026	2	2	2	2	2	2	
15898	3	2	2	2	2	2	
15899	2	2	2	2	2	2	
7712	18	8	7	6	6	6	
7713	1	1	1	1	1	1	
15907	1	1	1	1	1	1	
7716	8	8	8	8	8	8	
7717	17	17	17	17	17	17	
22692	1	1	1	1	1	1	
15911	4	3	3	3	3	3	
15912	2	2	2	2	2	2	
15913	1	1	1	1	1	1	
7725	6	6	6	6	5	5	
24110	7	6	6	6	5	5	
7727	3	3	3	3	3	3	
15920	2	2	2	2	2	2	
24113	1	1	1	1	1	1	
24114	1	1	1	1	1	1	
24121	4	4	4	4	4	4	
24122	1	1	1	1	1	1	
15931	10	6	5	4	4	4	
15933	41	33	33	33	33	33	
24126	6	4	4	3	3	3	
15935	5	4	4	4	4	4	
24128	2	2	2	2	2	2	
17443	6	4	4	4	4	4	
15938	3	3	3	3	3	3	
5387	1	1	1	1	1	1	
15941	5	4	4	4	4	4	
15942	1	1	1	1	1	1	
15943	2	2	2	2	2	2	
21772	3	3	3	3	3	3	
15947	1	1	1	1	1	1	
24140	1	1	1	1	1	1	
24141	2	2	2	2	2	2	
15951	5	3	3	3	3	3	
16312	1	1	1	1	1	1	
24148	3	3	3	3	3	3	
24149	1	1	1	1	1	1	
7648	2	2	2	2	2	2	
15959	9	6	4	4	4	4	
7768	10	7	5	5	5	5	
15961	1	1	1	1	1	1	
15962	1	1	1	1	1	1	
7772	1	1	1	1	1	1	
8122	3	3	2	2	2	2	
7774	4	3	3	3	3	3	
24159	3	1	1	1	1	1	
24160	2	2	2	2	2	2	
5392	8	6	5	5	5	5	
24163	2	2	2	2	2	2	
15972	1	1	1	1	1	1	
15973	2	2	2	2	2	2	
15974	2	2	2	2	2	2	
21777	2	2	2	2	2	2	
6533	3	3	3	3	3	3	
24169	2	2	2	2	2	2	
24174	3	3	3	3	3	3	
2664	1	1	1	1	1	1	
5395	3	3	3	3	3	3	
10898	2	2	2	2	2	2	
24183	7	5	4	4	4	3	
7801	6	4	4	4	4	4	
7802	4	4	4	4	4	4	
15998	6	3	3	3	3	3	
15999	23	23	23	23	23	23	
13802	3	3	3	3	3	3	
7625	6	3	3	3	3	3	
7811	2	2	2	2	2	2	
16006	17	8	6	6	6	6	
24199	6	4	4	4	4	4	
19705	23	23	23	23	23	23	
16010	6	4	4	4	4	4	
16011	1	1	1	1	1	1	
24204	3	3	3	3	3	3	
16013	4	3	3	3	3	3	
16014	1	1	1	1	1	1	
24207	7	6	6	6	6	6	
7824	4	3	3	2	2	2	
24210	4	3	3	3	3	3	
16020	7	5	5	5	5	5	
7829	4	2	2	2	2	2	
16022	8	7	7	7	7	7	
24219	2	2	2	2	2	2	
24220	4	4	4	4	4	4	
4037	2	2	2	2	2	2	
16032	16	11	8	8	8	8	
7844	13	8	7	7	7	7	
4038	2	2	2	2	2	2	
16039	7	3	3	3	3	3	
16040	1	1	1	1	1	1	
16041	4	4	4	4	4	4	
16042	2	2	2	2	2	2	
4353	6	4	4	4	4	4	
7853	6	6	5	4	4	4	
7854	2	2	2	2	2	2	
7855	1	1	1	1	1	1	
24240	8	4	3	3	3	3	
4040	1	1	1	1	1	1	
6708	14	14	14	14	14	14	
7861	2	1	1	1	1	1	
7863	2	2	2	2	2	2	
16056	12	6	5	5	5	4	
24250	2	2	2	2	2	2	
24251	2	2	2	2	2	2	
24252	1	1	1	1	1	1	
1353	4	3	3	3	3	3	
16065	1	1	1	1	1	1	
12235	6	3	3	3	3	3	
16068	2	2	2	2	2	2	
7877	4	2	2	2	2	2	
16070	1	1	1	1	1	1	
5409	1	1	1	1	1	1	
7882	8	4	4	4	4	4	
7883	3	3	3	3	3	3	
7885	2	1	1	1	1	1	
24270	7	6	5	5	5	5	
24271	4	4	4	4	4	4	
7888	2	2	2	2	2	2	
19064	1	1	1	1	1	1	
16083	10	6	5	5	5	5	
16084	1	1	1	1	1	1	
7893	9	7	6	6	6	5	
7895	2	1	1	1	1	1	
24280	3	3	3	3	3	3	
13604	1	1	1	1	1	1	
7899	5	5	4	4	4	4	
16101	10	8	6	5	5	5	
16102	4	4	4	4	4	4	
7911	10	5	5	5	5	5	
16106	4	3	3	3	3	3	
16107	1	1	1	1	1	1	
16108	2	2	2	2	2	2	
16109	3	3	3	3	3	3	
16110	3	3	3	3	3	3	
21811	2	1	1	1	1	1	
19911	1	1	1	1	1	1	
16115	6	4	4	4	4	4	
26178	4	4	4	4	4	4	
7926	9	7	6	5	5	4	
5417	3	3	3	3	3	3	
16358	2	2	2	2	2	2	
16123	5	4	3	3	3	3	
16124	2	2	2	2	2	2	
9514	1	1	1	1	1	1	
7935	4	3	3	3	3	3	
16128	4	4	4	4	4	4	
23168	3	3	3	3	3	3	
16131	4	4	4	4	4	4	
24330	20	6	4	4	4	4	
24332	3	3	3	3	3	3	
24334	2	2	2	2	2	2	
7956	56	44	43	43	43	43	
21806	6	4	3	3	3	3	
7958	1	1	1	1	1	1	
7959	2	2	2	2	2	2	
19222	2	2	2	2	2	2	
16154	8	4	4	4	4	4	
25903	1	1	1	1	1	1	
3599	1	1	1	1	1	1	
16159	4	3	3	3	3	3	
21808	3	3	3	3	3	3	
16162	6	6	5	4	4	4	
8155	5	3	3	3	3	3	
21809	1	1	1	1	1	1	
8156	1	1	1	1	1	1	
14983	4	4	4	4	4	4	
8449	3	3	3	3	3	3	
16174	4	3	3	3	3	3	
16349	1	1	1	1	1	1	
26180	3	3	3	3	3	3	
7985	15	6	5	5	5	4	
24371	22	10	7	6	6	5	
24372	1	1	1	1	1	1	
7991	4	4	4	4	4	4	
25510	1	1	1	1	1	1	
7999	1	1	1	1	1	1	
8000	2	2	2	2	2	2	
24385	11	4	4	4	4	4	
21814	2	2	2	2	2	2	
8161	4	3	3	3	3	3	
24398	5	4	4	4	4	4	
13624	5	4	4	4	4	4	
16210	13	8	7	6	6	5	
7632	2	2	2	2	2	2	
16213	3	3	3	3	3	3	
16216	1	1	1	1	1	1	
4068	13	10	8	7	7	6	
25531	1	1	1	1	1	1	
24412	9	3	3	3	3	3	
8031	4	4	4	4	4	4	
16224	2	2	2	2	2	2	
16225	2	2	2	2	2	2	
16226	2	2	2	2	2	2	
16227	2	2	2	2	2	2	
8036	1	1	1	1	1	1	
8037	1	1	1	1	1	1	
16230	1	1	1	1	1	1	
10897	1	1	1	1	1	1	
16232	2	2	2	2	2	2	
17724	2	1	1	1	1	1	
16234	2	2	2	2	2	2	
16235	2	2	2	2	2	2	
8045	15	9	8	8	8	8	
24431	8	5	4	4	4	4	
25091	1	1	1	1	1	1	
8049	8	8	8	8	8	8	
8053	3	3	3	3	3	3	
8054	1	1	1	1	1	1	
8055	2	2	2	2	2	2	
17999	3	2	2	2	2	2	
24444	3	3	3	3	3	3	
16584	4	3	3	3	3	3	
8063	5	5	4	4	4	4	
8064	3	3	3	3	3	3	
16258	13	5	4	4	4	4	
8067	5	5	5	5	5	5	
4633	1	1	1	1	1	1	
8069	2	1	1	1	1	1	
24454	3	3	3	3	3	3	
19378	5	4	4	4	4	4	
16264	7	7	7	7	7	7	
16265	2	2	2	2	2	2	
8074	3	2	2	2	2	2	
2451	1	1	1	1	1	1	
8077	1	1	1	1	1	1	
16270	7	4	4	4	4	4	
8079	4	3	3	3	3	3	
24464	1	1	1	1	1	1	
2712	2	2	2	2	2	2	
16274	5	5	5	5	4	4	
17731	7	6	6	6	6	6	
16278	3	3	3	3	3	3	
8087	3	3	3	2	2	2	
16280	4	4	4	4	4	4	
16281	1	1	1	1	1	1	
24474	34	34	34	34	34	34	
24475	3	3	3	3	3	3	
24477	7	7	7	7	7	6	
24479	34	34	34	34	34	34	
9026	1	1	1	1	1	1	
1560	1	1	1	1	1	1	
5446	2	2	2	2	2	2	
16091	3	3	3	3	3	3	
4081	3	3	3	3	3	3	
13636	2	2	2	2	2	2	
24489	7	4	3	3	3	3	
24490	1	1	1	1	1	1	
15005	8	7	7	7	7	7	
13311	2	2	2	2	2	2	
24499	1	1	1	1	1	1	
8116	20	8	7	6	6	6	
19102	1	1	1	1	1	1	
16310	17	9	6	6	6	5	
24503	2	2	2	2	2	2	
24504	1	1	1	1	1	1	
4266	2	2	2	2	2	2	
24506	3	2	2	2	2	2	
16803	3	3	3	3	3	3	
7090	5	3	3	3	3	3	
8128	5	4	3	3	3	3	
2720	3	2	2	2	2	2	
17739	3	3	3	3	3	3	
16324	7	6	5	4	4	4	
8134	6	4	4	3	3	3	
21931	11	11	11	11	11	11	
17740	2	2	2	2	2	2	
25094	3	3	3	3	3	3	
16331	3	2	2	2	2	2	
16332	3	3	3	3	3	3	
16333	1	1	1	1	1	1	
16334	3	3	3	3	3	3	
16335	1	1	1	1	1	1	
16336	2	2	2	2	2	2	
8184	4	4	4	4	4	4	
8146	1	1	1	1	1	1	
8147	1	1	1	1	1	1	
8148	3	3	3	3	3	3	
21821	1	1	1	1	1	1	
8150	2	2	2	2	2	2	
8151	14	14	14	14	14	14	
8153	4	4	4	4	4	4	
16347	8	4	4	4	3	3	
16348	1	1	1	1	1	1	
8157	1	1	1	1	1	1	
19109	5	4	3	3	3	3	
16352	15	11	11	11	11	11	
16353	3	3	3	3	3	3	
8187	5	5	5	5	5	5	
16357	10	7	6	6	6	6	
8728	2	2	2	2	2	2	
12547	1	1	1	1	1	1	
12192	2	2	2	2	2	2	
19111	2	2	2	2	2	2	
24559	23	9	6	6	5	5	
16368	11	6	5	4	4	4	
8177	7	2	2	2	2	2	
8178	2	2	2	2	2	2	
8179	1	1	1	1	1	1	
20478	26	13	11	9	7	6	
11893	2	2	2	2	2	2	
24568	8	4	4	4	4	4	
8185	2	2	2	2	2	2	
20479	2	2	2	2	2	2	
24575	2	1	1	1	1	1	
==========================================
